nnodes narcs type
42 1722 digraph
nodename posx posy
0 68 98
41 753 219
1 395 24
21 392 945
2 947 890
22 794 633
3 468 483
23 193 516
4 564 150
24 28 164
5 143 568
25 421 338
6 38 108
26 647 495
7 692 41
27 364 832
8 185 934
28 341 499
9 397 222
29 656 510
10 633 132
30 326 216
11 162 214
31 300 131
12 732 234
32 803 69
13 842 657
33 251 414
14 750 587
34 786 444
15 8 73
35 875 181
16 953 491
36 166 90
17 912 252
37 713 857
18 229 518
38 530 38
19 173 652
39 125 450
20 167 169
40 172 652
tail head weight
0 1 401
0 2 1671
0 3 785
0 4 548
0 5 545
0 6 40
0 7 681
0 8 953
0 9 453
0 10 599
0 11 210
0 12 800
0 13 1333
0 14 1171
0 15 85
0 16 1278
0 17 998
0 18 581
0 19 659
0 20 170
0 21 1171
0 22 1261
0 23 543
0 24 106
0 25 593
0 26 976
0 27 1030
0 28 674
0 29 1000
0 30 376
0 31 265
0 32 764
0 33 499
0 34 1064
0 35 890
0 36 106
0 37 1404
0 38 522
0 39 409
0 40 658
0 41 806
1 0 401
1 2 1418
1 3 532
1 4 295
1 5 796
1 6 441
1 7 314
1 8 1120
1 9 200
1 10 346
1 11 423
1 12 547
1 13 1080
1 14 918
1 15 436
1 16 1025
1 17 745
1 18 660
1 19 850
1 20 373
1 21 924
1 22 1008
1 23 694
1 24 507
1 25 340
1 26 723
1 27 839
1 28 529
1 29 747
1 30 261
1 31 202
1 32 453
1 33 534
1 34 811
1 35 637
1 36 295
1 37 1151
1 38 149
1 39 696
1 40 851
1 41 553
2 0 1671
2 1 1418
2 3 886
2 4 1123
2 5 1126
2 6 1691
2 7 1104
2 8 806
2 9 1218
2 10 1072
2 11 1461
2 12 871
2 13 338
2 14 500
2 15 1756
2 16 405
2 17 673
2 18 1090
2 19 1012
2 20 1501
2 21 610
2 22 410
2 23 1128
2 24 1645
2 25 1078
2 26 695
2 27 641
2 28 997
2 29 671
2 30 1295
2 31 1406
2 32 965
2 33 1172
2 34 607
2 35 781
2 36 1581
2 37 267
2 38 1269
2 39 1262
2 40 1013
2 41 865
3 0 785
3 1 532
3 2 886
3 4 429
3 5 410
3 6 805
3 7 666
3 8 734
3 9 332
3 10 516
3 11 575
3 12 513
3 13 548
3 14 386
3 15 870
3 16 493
3 17 675
3 18 274
3 19 464
3 20 615
3 21 538
3 22 476
3 23 308
3 24 759
3 25 192
3 26 191
3 27 453
3 28 143
3 29 215
3 30 409
3 31 520
3 32 749
3 33 286
3 34 357
3 35 709
3 36 695
3 37 619
3 38 507
3 39 376
3 40 465
3 41 549
4 0 548
4 1 295
4 2 1123
4 3 429
4 5 839
4 6 568
4 7 237
4 8 1163
4 9 239
4 10 87
4 11 466
4 12 252
4 13 785
4 14 623
4 15 633
4 16 730
4 17 450
4 18 703
4 19 893
4 20 416
4 21 967
4 22 713
4 23 737
4 24 550
4 25 331
4 26 428
4 27 882
4 28 572
4 29 452
4 30 304
4 31 283
4 32 320
4 33 577
4 34 516
4 35 342
4 36 458
4 37 856
4 38 146
4 39 739
4 40 894
4 41 258
5 0 545
5 1 796
5 2 1126
5 3 410
5 4 839
5 6 565
5 7 1076
5 8 408
5 9 600
5 10 926
5 11 373
5 12 923
5 13 788
5 14 626
5 15 630
5 16 887
5 17 1085
5 18 136
5 19 114
5 20 423
5 21 626
5 22 716
5 23 102
5 24 519
5 25 508
5 26 577
5 27 485
5 28 267
5 29 571
5 30 535
5 31 594
5 32 1159
5 33 262
5 34 767
5 35 1119
5 36 501
5 37 859
5 38 917
5 39 136
5 40 113
5 41 959
6 0 40
6 1 441
6 2 1691
6 3 805
6 4 568
6 5 565
6 7 721
6 8 973
6 9 473
6 10 619
6 11 230
6 12 820
6 13 1353
6 14 1191
6 15 65
6 16 1298
6 17 1018
6 18 601
6 19 679
6 20 190
6 21 1191
6 22 1281
6 23 563
6 24 66
6 25 613
6 26 996
6 27 1050
6 28 694
6 29 1020
6 30 396
6 31 285
6 32 804
6 33 519
6 34 1084
6 35 910
6 36 146
6 37 1424
6 38 562
6 39 429
6 40 678
6 41 826
7 0 681
7 1 314
7 2 1104
7 3 666
7 4 237
7 5 1076
7 6 721
7 8 1400
7 9 476
7 10 150
7 11 703
7 12 233
7 13 766
7 14 604
7 15 716
7 16 711
7 17 431
7 18 940
7 19 1130
7 20 653
7 21 1204
7 22 694
7 23 974
7 24 787
7 25 568
7 26 499
7 27 1119
7 28 809
7 29 505
7 30 541
7 31 482
7 32 139
7 33 814
7 34 497
7 35 323
7 36 575
7 37 837
7 38 165
7 39 976
7 40 1131
7 41 239
8 0 953
8 1 1120
8 2 806
8 3 734
8 4 1163
8 5 408
8 6 973
8 7 1400
8 9 924
8 10 1250
8 11 743
8 12 1247
8 13 934
8 14 912
8 15 1038
8 16 1211
8 17 1409
8 18 460
8 19 294
8 20 783
8 21 218
8 22 910
8 23 426
8 24 927
8 25 832
8 26 901
8 27 281
8 28 591
8 29 895
8 30 859
8 31 918
8 32 1483
8 33 586
8 34 1091
8 35 1443
8 36 863
8 37 605
8 38 1241
8 39 544
8 40 295
8 41 1283
9 0 453
9 1 200
9 2 1218
9 3 332
9 4 239
9 5 600
9 6 473
9 7 476
9 8 924
9 10 326
9 11 243
9 12 347
9 13 880
9 14 718
9 15 538
9 16 825
9 17 545
9 18 464
9 19 654
9 20 283
9 21 728
9 22 808
9 23 498
9 24 427
9 25 140
9 26 523
9 27 643
9 28 333
9 29 547
9 30 77
9 31 188
9 32 559
9 33 338
9 34 611
9 35 519
9 36 363
9 37 951
9 38 317
9 39 500
9 40 655
9 41 359
10 0 599
10 1 346
10 2 1072
10 3 516
10 4 87
10 5 926
10 6 619
10 7 150
10 8 1250
10 9 326
10 11 553
10 12 201
10 13 734
10 14 572
10 15 684
10 16 679
10 17 399
10 18 790
10 19 980
10 20 503
10 21 1054
10 22 662
10 23 824
10 24 637
10 25 418
10 26 377
10 27 969
10 28 659
10 29 401
10 30 391
10 31 334
10 32 233
10 33 664
10 34 465
10 35 291
10 36 509
10 37 805
10 38 197
10 39 826
10 40 981
10 41 207
11 0 210
11 1 423
11 2 1461
11 3 575
11 4 466
11 5 373
11 6 230
11 7 703
11 8 743
11 9 243
11 10 553
11 12 590
11 13 1123
11 14 961
11 15 295
11 16 1068
11 17 788
11 18 371
11 19 449
11 20 50
11 21 961
11 22 1051
11 23 333
11 24 184
11 25 383
11 26 766
11 27 820
11 28 464
11 29 790
11 30 166
11 31 221
11 32 786
11 33 289
11 34 854
11 35 746
11 36 128
11 37 1194
11 38 544
11 39 273
11 40 448
11 41 596
12 0 800
12 1 547
12 2 871
12 3 513
12 4 252
12 5 923
12 6 820
12 7 233
12 8 1247
12 9 347
12 10 201
12 11 590
12 13 533
12 14 371
12 15 885
12 16 478
12 17 198
12 18 787
12 19 977
12 20 630
12 21 1051
12 22 461
12 23 821
12 24 774
12 25 415
12 26 346
12 27 966
12 28 656
12 29 352
12 30 424
12 31 535
12 32 236
12 33 661
12 34 264
12 35 196
12 36 710
12 37 642
12 38 398
12 39 823
12 40 978
12 41 36
13 0 1333
13 1 1080
13 2 338
13 3 548
13 4 785
13 5 788
13 6 1353
13 7 766
13 8 934
13 9 880
13 10 734
13 11 1123
13 12 533
13 14 162
13 15 1418
13 16 277
13 17 475
13 18 752
13 19 674
13 20 1163
13 21 738
13 22 72
13 23 790
13 24 1307
13 25 740
13 26 357
13 27 653
13 28 659
13 29 333
13 30 957
13 31 1068
13 32 627
13 33 834
13 34 269
13 35 509
13 36 1243
13 37 329
13 38 931
13 39 924
13 40 675
13 41 527
14 0 1171
14 1 918
14 2 500
14 3 386
14 4 623
14 5 626
14 6 1191
14 7 604
14 8 912
14 9 718
14 10 572
14 11 961
14 12 371
14 13 162
14 15 1256
14 16 299
14 17 497
14 18 590
14 19 642
14 20 1001
14 21 716
14 22 90
14 23 628
14 24 1145
14 25 578
14 26 195
14 27 631
14 28 497
14 29 171
14 30 795
14 31 906
14 32 571
14 33 672
14 34 179
14 35 531
14 36 1081
14 37 307
14 38 769
14 39 762
14 40 643
14 41 371
15 0 85
15 1 436
15 2 1756
15 3 870
15 4 633
15 5 630
15 6 65
15 7 716
15 8 1038
15 9 538
15 10 684
15 11 295
15 12 885
15 13 1418
15 14 1256
15 16 1363
15 17 1083
15 18 666
15 19 744
15 20 255
15 21 1256
15 22 1346
15 23 628
15 24 111
15 25 678
15 26 1061
15 27 1115
15 28 759
15 29 1085
15 30 461
15 31 350
15 32 799
15 33 584
15 34 1149
15 35 975
15 36 175
15 37 1489
15 38 557
15 39 494
15 40 743
15 41 891
16 0 1278
16 1 1025
16 2 405
16 3 493
16 4 730
16 5 887
16 6 1298
16 7 711
16 8 1211
16 9 825
16 10 679
16 11 1068
16 12 478
16 13 277
16 14 299
16 15 1363
16 17 280
16 18 751
16 19 941
16 20 1108
16 21 1015
16 22 301
16 23 785
16 24 1252
16 25 685
16 26 310
16 27 930
16 28 620
16 29 316
16 30 902
16 31 1013
16 32 572
16 33 779
16 34 214
16 35 388
16 36 1188
16 37 606
16 38 876
16 39 869
16 40 942
16 41 472
17 0 998
17 1 745
17 2 673
17 3 675
17 4 450
17 5 1085
17 6 1018
17 7 431
17 8 1409
17 9 545
17 10 399
17 11 788
17 12 198
17 13 475
17 14 497
17 15 1083
17 16 280
17 18 949
17 19 1139
17 20 828
17 21 1213
17 22 499
17 23 983
17 24 972
17 25 577
17 26 508
17 27 1128
17 28 818
17 29 514
17 30 622
17 31 733
17 32 292
17 33 823
17 34 318
17 35 108
17 36 908
17 37 804
17 38 596
17 39 985
17 40 1140
17 41 192
18 0 581
18 1 660
18 2 1090
18 3 274
18 4 703
18 5 136
18 6 601
18 7 940
18 8 460
18 9 464
18 10 790
18 11 371
18 12 787
18 13 752
18 14 590
18 15 666
18 16 751
18 17 949
18 19 190
18 20 411
18 21 590
18 22 680
18 23 38
18 24 555
18 25 372
18 26 441
18 27 449
18 28 131
18 29 435
18 30 399
18 31 458
18 32 1023
18 33 126
18 34 631
18 35 983
18 36 491
18 37 823
18 38 781
18 39 172
18 40 191
18 41 823
19 0 659
19 1 850
19 2 1012
19 3 464
19 4 893
19 5 114
19 6 679
19 7 1130
19 8 294
19 9 654
19 10 980
19 11 449
19 12 977
19 13 674
19 14 642
19 15 744
19 16 941
19 17 1139
19 18 190
19 20 489
19 21 512
19 22 640
19 23 156
19 24 633
19 25 562
19 26 631
19 27 371
19 28 321
19 29 625
19 30 589
19 31 648
19 32 1213
19 33 316
19 34 821
19 35 1173
19 36 569
19 37 745
19 38 971
19 39 250
19 40 1
19 41 1013
20 0 170
20 1 373
20 2 1501
20 3 615
20 4 416
20 5 423
20 6 190
20 7 653
20 8 783
20 9 283
20 10 503
20 11 50
20 12 630
20 13 1163
20 14 1001
20 15 255
20 16 1108
20 17 828
20 18 411
20 19 489
20 21 1001
20 22 1091
20 23 373
20 24 144
20 25 423
20 26 806
20 27 860
20 28 504
20 29 830
20 30 206
20 31 171
20 32 736
20 33 329
20 34 894
20 35 720
20 36 80
20 37 1234
20 38 494
20 39 323
20 40 488
20 41 636
21 0 1171
21 1 924
21 2 610
21 3 538
21 4 967
21 5 626
21 6 1191
21 7 1204
21 8 218
21 9 728
21 10 1054
21 11 961
21 12 1051
21 13 738
21 14 716
21 15 1256
21 16 1015
21 17 1213
21 18 590
21 19 512
21 20 1001
21 22 714
21 23 628
21 24 1145
21 25 636
21 26 705
21 27 141
21 28 497
21 29 699
21 30 795
21 31 906
21 32 1287
21 33 672
21 34 895
21 35 1247
21 36 1081
21 37 409
21 38 1045
21 39 762
21 40 513
21 41 1087
22 0 1261
22 1 1008
22 2 410
22 3 476
22 4 713
22 5 716
22 6 1281
22 7 694
22 8 910
22 9 808
22 10 662
22 11 1051
22 12 461
22 13 72
22 14 90
22 15 1346
22 16 301
22 17 499
22 18 680
22 19 640
22 20 1091
22 21 714
22 23 718
22 24 1235
22 25 668
22 26 285
22 27 629
22 28 587
22 29 261
22 30 885
22 31 996
22 32 573
22 33 762
22 34 197
22 35 533
22 36 1171
22 37 305
22 38 859
22 39 852
22 40 641
22 41 455
23 0 543
23 1 694
23 2 1128
23 3 308
23 4 737
23 5 102
23 6 563
23 7 974
23 8 426
23 9 498
23 10 824
23 11 333
23 12 821
23 13 790
23 14 628
23 15 628
23 16 785
23 17 983
23 18 38
23 19 156
23 20 373
23 21 628
23 22 718
23 24 517
23 25 406
23 26 475
23 27 487
23 28 165
23 29 469
23 30 433
23 31 492
23 32 1057
23 33 160
23 34 665
23 35 1017
23 36 453
23 37 861
23 38 815
23 39 134
23 40 157
23 41 857
24 0 106
24 1 507
24 2 1645
24 3 759
24 4 550
24 5 519
24 6 66
24 7 787
24 8 927
24 9 427
24 10 637
24 11 184
24 12 774
24 13 1307
24 14 1145
24 15 111
24 16 1252
24 17 972
24 18 555
24 19 633
24 20 144
24 21 1145
24 22 1235
24 23 517
24 25 567
24 26 950
24 27 1004
24 28 648
24 29 974
24 30 350
24 31 305
24 32 870
24 33 473
24 34 1038
24 35 864
24 36 212
24 37 1378
24 38 628
24 39 383
24 40 632
24 41 780
25 0 593
25 1 340
25 2 1078
25 3 192
25 4 331
25 5 508
25 6 613
25 7 568
25 8 832
25 9 140
25 10 418
25 11 383
25 12 415
25 13 740
25 14 578
25 15 678
25 16 685
25 17 577
25 18 372
25 19 562
25 20 423
25 21 636
25 22 668
25 23 406
25 24 567
25 26 383
25 27 551
25 28 241
25 29 407
25 30 217
25 31 328
25 32 651
25 33 246
25 34 471
25 35 611
25 36 503
25 37 811
25 38 409
25 39 408
25 40 563
25 41 451
26 0 976
26 1 723
26 2 695
26 3 191
26 4 428
26 5 577
26 6 996
26 7 499
26 8 901
26 9 523
26 10 377
26 11 766
26 12 346
26 13 357
26 14 195
26 15 1061
26 16 310
26 17 508
26 18 441
26 19 631
26 20 806
26 21 705
26 22 285
26 23 475
26 24 950
26 25 383
26 27 620
26 28 310
26 29 24
26 30 600
26 31 711
26 32 582
26 33 477
26 34 190
26 35 542
26 36 886
26 37 428
26 38 574
26 39 567
26 40 632
26 41 382
27 0 1030
27 1 839
27 2 641
27 3 453
27 4 882
27 5 485
27 6 1050
27 7 1119
27 8 281
27 9 643
27 10 969
27 11 820
27 12 966
27 13 653
27 14 631
27 15 1115
27 16 930
27 17 1128
27 18 449
27 19 371
27 20 860
27 21 141
27 22 629
27 23 487
27 24 1004
27 25 551
27 26 620
27 28 356
27 29 614
27 30 654
27 31 765
27 32 1202
27 33 531
27 34 810
27 35 1162
27 36 940
27 37 374
27 38 960
27 39 621
27 40 372
27 41 1002
28 0 674
28 1 529
28 2 997
28 3 143
28 4 572
28 5 267
28 6 694
28 7 809
28 8 591
28 9 333
28 10 659
28 11 464
28 12 656
28 13 659
28 14 497
28 15 759
28 16 620
28 17 818
28 18 131
28 19 321
28 20 504
28 21 497
28 22 587
28 23 165
28 24 648
28 25 241
28 26 310
28 27 356
28 29 326
28 30 298
28 31 409
28 32 892
28 33 175
28 34 500
28 35 852
28 36 584
28 37 730
28 38 650
28 39 265
28 40 322
28 41 692
29 0 1000
29 1 747
29 2 671
29 3 215
29 4 452
29 5 571
29 6 1020
29 7 505
29 8 895
29 9 547
29 10 401
29 11 790
29 12 352
29 13 333
29 14 171
29 15 1085
29 16 316
29 17 514
29 18 435
29 19 625
29 20 830
29 21 699
29 22 261
29 23 469
29 24 974
29 25 407
29 26 24
29 27 614
29 28 326
29 30 624
29 31 735
29 32 588
29 33 501
29 34 196
29 35 548
29 36 910
29 37 404
29 38 598
29 39 591
29 40 626
29 41 388
30 0 376
30 1 261
30 2 1295
30 3 409
30 4 304
30 5 535
30 6 396
30 7 541
30 8 859
30 9 77
30 10 391
30 11 166
30 12 424
30 13 957
30 14 795
30 15 461
30 16 902
30 17 622
30 18 399
30 19 589
30 20 206
30 21 795
30 22 885
30 23 433
30 24 350
30 25 217
30 26 600
30 27 654
30 28 298
30 29 624
30 31 111
30 32 624
30 33 273
30 34 688
30 35 584
30 36 286
30 37 1028
30 38 382
30 39 435
30 40 590
30 41 430
31 0 265
31 1 202
31 2 1406
31 3 520
31 4 283
31 5 594
31 6 285
31 7 482
31 8 918
31 9 188
31 10 334
31 11 221
31 12 535
31 13 1068
31 14 906
31 15 350
31 16 1013
31 17 733
31 18 458
31 19 648
31 20 171
31 21 906
31 22 996
31 23 492
31 24 305
31 25 328
31 26 711
31 27 765
31 28 409
31 29 735
31 30 111
31 32 565
31 33 332
31 34 799
31 35 625
31 36 175
31 37 1139
31 38 323
31 39 494
31 40 649
31 41 541
32 0 764
32 1 453
32 2 965
32 3 749
32 4 320
32 5 1159
32 6 804
32 7 139
32 8 1483
32 9 559
32 10 233
32 11 786
32 12 236
32 13 627
32 14 571
32 15 799
32 16 572
32 17 292
32 18 1023
32 19 1213
32 20 736
32 21 1287
32 22 573
32 23 1057
32 24 870
32 25 651
32 26 582
32 27 1202
32 28 892
32 29 588
32 30 624
32 31 565
32 33 897
32 34 392
32 35 184
32 36 658
32 37 878
32 38 304
32 39 1059
32 40 1214
32 41 200
33 0 499
33 1 534
33 2 1172
33 3 286
33 4 577
33 5 262
33 6 519
33 7 814
33 8 586
33 9 338
33 10 664
33 11 289
33 12 661
33 13 834
33 14 672
33 15 584
33 16 779
33 17 823
33 18 126
33 19 316
33 20 329
33 21 672
33 22 762
33 23 160
33 24 473
33 25 246
33 26 477
33 27 531
33 28 175
33 29 501
33 30 273
33 31 332
33 32 897
33 34 565
33 35 857
33 36 409
33 37 905
33 38 655
33 39 162
33 40 317
33 41 697
34 0 1064
34 1 811
34 2 607
34 3 357
34 4 516
34 5 767
34 6 1084
34 7 497
34 8 1091
34 9 611
34 10 465
34 11 854
34 12 264
34 13 269
34 14 179
34 15 1149
34 16 214
34 17 318
34 18 631
34 19 821
34 20 894
34 21 895
34 22 197
34 23 665
34 24 1038
34 25 471
34 26 190
34 27 810
34 28 500
34 29 196
34 30 688
34 31 799
34 32 392
34 33 565
34 35 352
34 36 974
34 37 486
34 38 662
34 39 667
34 40 822
34 41 258
35 0 890
35 1 637
35 2 781
35 3 709
35 4 342
35 5 1119
35 6 910
35 7 323
35 8 1443
35 9 519
35 10 291
35 11 746
35 12 196
35 13 509
35 14 531
35 15 975
35 16 388
35 17 108
35 18 983
35 19 1173
35 20 720
35 21 1247
35 22 533
35 23 1017
35 24 864
35 25 611
35 26 542
35 27 1162
35 28 852
35 29 548
35 30 584
35 31 625
35 32 184
35 33 857
35 34 352
35 36 800
35 37 838
35 38 488
35 39 1019
35 40 1174
35 41 160
36 0 106
36 1 295
36 2 1581
36 3 695
36 4 458
36 5 501
36 6 146
36 7 575
36 8 863
36 9 363
36 10 509
36 11 128
36 12 710
36 13 1243
36 14 1081
36 15 175
36 16 1188
36 17 908
36 18 491
36 19 569
36 20 80
36 21 1081
36 22 1171
36 23 453
36 24 212
36 25 503
36 26 886
36 27 940
36 28 584
36 29 910
36 30 286
36 31 175
36 32 658
36 33 409
36 34 974
36 35 800
36 37 1314
36 38 416
36 39 401
36 40 568
36 41 716
37 0 1404
37 1 1151
37 2 267
37 3 619
37 4 856
37 5 859
37 6 1424
37 7 837
37 8 605
37 9 951
37 10 805
37 11 1194
37 12 642
37 13 329
37 14 307
37 15 1489
37 16 606
37 17 804
37 18 823
37 19 745
37 20 1234
37 21 409
37 22 305
37 23 861
37 24 1378
37 25 811
37 26 428
37 27 374
37 28 730
37 29 404
37 30 1028
37 31 1139
37 32 878
37 33 905
37 34 486
37 35 838
37 36 1314
37 38 1002
37 39 995
37 40 746
37 41 678
38 0 522
38 1 149
38 2 1269
38 3 507
38 4 146
38 5 917
38 6 562
38 7 165
38 8 1241
38 9 317
38 10 197
38 11 544
38 12 398
38 13 931
38 14 769
38 15 557
38 16 876
38 17 596
38 18 781
38 19 971
38 20 494
38 21 1045
38 22 859
38 23 815
38 24 628
38 25 409
38 26 574
38 27 960
38 28 650
38 29 598
38 30 382
38 31 323
38 32 304
38 33 655
38 34 662
38 35 488
38 36 416
38 37 1002
38 39 817
38 40 972
38 41 404
39 0 409
39 1 696
39 2 1262
39 3 376
39 4 739
39 5 136
39 6 429
39 7 976
39 8 544
39 9 500
39 10 826
39 11 273
39 12 823
39 13 924
39 14 762
39 15 494
39 16 869
39 17 985
39 18 172
39 19 250
39 20 323
39 21 762
39 22 852
39 23 134
39 24 383
39 25 408
39 26 567
39 27 621
39 28 265
39 29 591
39 30 435
39 31 494
39 32 1059
39 33 162
39 34 667
39 35 1019
39 36 401
39 37 995
39 38 817
39 40 249
39 41 859
40 0 658
40 1 851
40 2 1013
40 3 465
40 4 894
40 5 113
40 6 678
40 7 1131
40 8 295
40 9 655
40 10 981
40 11 448
40 12 978
40 13 675
40 14 643
40 15 743
40 16 942
40 17 1140
40 18 191
40 19 1
40 20 488
40 21 513
40 22 641
40 23 157
40 24 632
40 25 563
40 26 632
40 27 372
40 28 322
40 29 626
40 30 590
40 31 649
40 32 1214
40 33 317
40 34 822
40 35 1174
40 36 568
40 37 746
40 38 972
40 39 249
40 41 1014
41 0 806
41 1 553
41 2 865
41 3 549
41 4 258
41 5 959
41 6 826
41 7 239
41 8 1283
41 9 359
41 10 207
41 11 596
41 12 36
41 13 527
41 14 371
41 15 891
41 16 472
41 17 192
41 18 823
41 19 1013
41 20 636
41 21 1087
41 22 455
41 23 857
41 24 780
41 25 451
41 26 382
41 27 1002
41 28 692
41 29 388
41 30 430
41 31 541
41 32 200
41 33 697
41 34 258
41 35 160
41 36 716
41 37 678
41 38 404
41 39 859
41 40 1014
