nnodes narcs type
102 10302 digraph
nodename posx posy
0 258 672
101 295 296
1 901 689
51 967 553
2 9 260
52 447 499
3 918 649
53 14 622
4 171 897
54 668 288
5 12 167
55 477 230
6 641 595
56 922 419
7 320 318
57 156 549
8 612 328
58 440 96
9 784 776
59 996 410
10 970 910
60 950 288
11 919 549
61 253 195
12 418 605
62 597 833
13 94 816
63 521 516
14 580 317
64 634 841
15 955 235
65 864 117
16 945 333
66 805 908
17 884 375
67 158 814
18 458 136
68 227 876
19 929 587
69 215 947
20 994 546
70 695 14
21 512 295
71 156 647
22 319 917
72 260 156
23 571 831
73 46 323
24 348 839
74 843 684
25 778 872
75 129 410
26 228 269
76 94 626
27 827 797
77 754 931
28 290 724
78 291 793
29 164 4
79 810 282
30 850 378
80 68 659
31 77 409
81 10 253
32 573 131
82 841 871
33 600 748
83 549 133
34 41 88
84 711 22
35 401 295
85 814 345
36 839 294
86 301 362
37 615 525
87 395 217
38 799 690
88 140 615
39 636 421
89 957 209
40 864 22
90 984 992
41 574 142
91 622 615
42 992 664
92 827 682
43 144 224
93 459 355
44 502 961
94 323 132
45 973 820
95 887 804
46 615 103
96 839 126
47 946 38
97 105 603
48 946 197
98 798 377
49 645 578
99 904 50
50 390 178
100 28 461
tail head weight
0 1 660
0 2 661
0 3 683
0 4 312
0 5 751
0 6 460
0 7 416
0 8 698
0 9 630
0 10 950
0 11 784
0 12 227
0 13 308
0 14 677
0 15 1134
0 16 1026
0 17 923
0 18 736
0 19 756
0 20 862
0 21 631
0 22 306
0 23 472
0 24 257
0 25 720
0 26 433
0 27 694
0 28 84
0 29 762
0 30 886
0 31 444
0 32 856
0 33 418
0 34 801
0 35 520
0 36 959
0 37 504
0 38 559
0 39 629
0 40 1256
0 41 846
0 42 742
0 43 562
0 44 533
0 45 863
0 46 926
0 47 1322
0 48 1163
0 49 481
0 50 626
0 51 828
0 52 362
0 53 294
0 54 794
0 55 661
0 56 917
0 57 225
0 58 758
0 59 1000
0 60 1076
0 61 482
0 62 500
0 63 419
0 64 545
0 65 1161
0 66 783
0 67 242
0 68 235
0 69 318
0 70 1095
0 71 127
0 72 518
0 73 561
0 74 597
0 75 391
0 76 210
0 77 755
0 78 154
0 79 942
0 80 203
0 81 667
0 82 782
0 83 830
0 84 1103
0 85 883
0 86 353
0 87 592
0 88 175
0 89 1162
0 90 1046
0 91 421
0 92 579
0 93 518
0 94 605
0 95 761
0 96 1127
0 97 222
0 98 835
0 99 1268
0 100 441
0 101 413
1 0 660
1 2 1321
1 3 57
1 4 938
1 5 1411
1 6 354
1 7 952
1 8 650
1 9 204
1 10 290
1 11 158
1 12 567
1 13 934
1 14 693
1 15 508
1 16 400
1 17 331
1 18 996
1 19 130
1 20 236
1 21 783
1 22 810
1 23 472
1 24 703
1 25 306
1 26 1093
1 27 182
1 28 646
1 29 1422
1 30 362
1 31 1104
1 32 886
1 33 360
1 34 1461
1 35 894
1 36 457
1 37 450
1 38 103
1 39 533
1 40 704
1 41 874
1 42 116
1 43 1222
1 44 671
1 45 203
1 46 872
1 47 696
1 48 537
1 49 367
1 50 1022
1 51 202
1 52 644
1 53 954
1 54 634
1 55 883
1 56 291
1 57 885
1 58 1054
1 59 374
1 60 450
1 61 1142
1 62 448
1 63 553
1 64 419
1 65 609
1 66 315
1 67 868
1 68 861
1 69 944
1 70 881
1 71 787
1 72 1174
1 73 1221
1 74 63
1 75 1051
1 76 870
1 77 389
1 78 714
1 79 498
1 80 863
1 81 1327
1 82 242
1 83 908
1 84 857
1 85 431
1 86 927
1 87 978
1 88 835
1 89 536
1 90 386
1 91 353
1 92 81
1 93 776
1 94 1135
1 95 129
1 96 625
1 97 882
1 98 415
1 99 642
1 100 1101
1 101 999
2 0 661
2 1 1321
2 3 1298
2 4 799
2 5 96
2 6 967
2 7 369
2 8 671
2 9 1291
2 10 1611
2 11 1199
2 12 754
2 13 641
2 14 628
2 15 971
2 16 1009
2 17 990
2 18 573
2 19 1247
2 20 1271
2 21 538
2 22 967
2 23 1133
2 24 918
2 25 1381
2 26 228
2 27 1355
2 28 745
2 29 411
2 30 959
2 31 217
2 32 693
2 33 1079
2 34 204
2 35 427
2 36 864
2 37 871
2 38 1220
2 39 788
2 40 1093
2 41 683
2 42 1387
2 43 171
2 44 1194
2 45 1524
2 46 763
2 47 1159
2 48 1000
2 49 954
2 50 463
2 51 1251
2 52 677
2 53 367
2 54 687
2 55 498
2 56 1072
2 57 436
2 58 595
2 59 1137
2 60 969
2 61 309
2 62 1161
2 63 768
2 64 1206
2 65 998
2 66 1444
2 67 703
2 68 834
2 69 893
2 70 932
2 71 534
2 72 355
2 73 100
2 74 1258
2 75 270
2 76 451
2 77 1416
2 78 815
2 79 823
2 80 458
2 81 8
2 82 1443
2 83 667
2 84 940
2 85 890
2 86 394
2 87 429
2 88 486
2 89 999
2 90 1707
2 91 968
2 92 1240
2 93 545
2 94 442
2 95 1422
2 96 964
2 97 439
2 98 906
2 99 1105
2 100 220
2 101 322
3 0 683
3 1 57
3 2 1298
3 4 995
3 5 1388
3 6 331
3 7 929
3 8 627
3 9 261
3 10 313
3 11 101
3 12 544
3 13 991
3 14 670
3 15 451
3 16 343
3 17 308
3 18 973
3 19 73
3 20 179
3 21 760
3 22 867
3 23 529
3 24 760
3 25 363
3 26 1070
3 27 239
3 28 703
3 29 1399
3 30 339
3 31 1081
3 32 863
3 33 417
3 34 1438
3 35 871
3 36 434
3 37 427
3 38 160
3 39 510
3 40 681
3 41 851
3 42 89
3 43 1199
3 44 728
3 45 226
3 46 849
3 47 639
3 48 480
3 49 344
3 50 999
3 51 145
3 52 621
3 53 931
3 54 611
3 55 860
3 56 234
3 57 862
3 58 1031
3 59 317
3 60 393
3 61 1119
3 62 505
3 63 530
3 64 476
3 65 586
3 66 372
3 67 925
3 68 918
3 69 1001
3 70 858
3 71 764
3 72 1151
3 73 1198
3 74 110
3 75 1028
3 76 847
3 77 446
3 78 771
3 79 475
3 80 860
3 81 1304
3 82 299
3 83 885
3 84 834
3 85 408
3 86 904
3 87 955
3 88 812
3 89 479
3 90 409
3 91 330
3 92 124
3 93 753
3 94 1112
3 95 186
3 96 602
3 97 859
3 98 392
3 99 613
3 100 1078
3 101 976
4 0 312
4 1 938
4 2 799
4 3 995
4 5 889
4 6 772
4 7 728
4 8 1010
4 9 734
4 10 812
4 11 1096
4 12 539
4 13 158
4 14 989
4 15 1446
4 16 1338
4 17 1235
4 18 1048
4 19 1068
4 20 1174
4 21 943
4 22 168
4 23 466
4 24 235
4 25 632
4 26 685
4 27 756
4 28 292
4 29 900
4 30 1198
4 31 582
4 32 1168
4 33 578
4 34 939
4 35 832
4 36 1271
4 37 816
4 38 835
4 39 941
4 40 1568
4 41 1158
4 42 1054
4 43 700
4 44 395
4 45 879
4 46 1238
4 47 1634
4 48 1475
4 49 793
4 50 938
4 51 1140
4 52 674
4 53 432
4 54 1106
4 55 973
4 56 1229
4 57 363
4 58 1070
4 59 1312
4 60 1388
4 61 784
4 62 490
4 63 731
4 64 519
4 65 1473
4 66 645
4 67 96
4 68 77
4 69 94
4 70 1407
4 71 265
4 72 830
4 73 699
4 74 885
4 75 529
4 76 348
4 77 617
4 78 224
4 79 1254
4 80 341
4 81 805
4 82 696
4 83 1142
4 84 1415
4 85 1195
4 86 665
4 87 904
4 88 313
4 89 1474
4 90 908
4 91 733
4 92 871
4 93 830
4 94 917
4 95 809
4 96 1439
4 97 360
4 98 1147
4 99 1580
4 100 579
4 101 725
5 0 751
5 1 1411
5 2 96
5 3 1388
5 4 889
5 6 1057
5 7 459
5 8 761
5 9 1381
5 10 1701
5 11 1289
5 12 844
5 13 731
5 14 718
5 15 1011
5 16 1099
5 17 1080
5 18 477
5 19 1337
5 20 1361
5 21 628
5 22 1057
5 23 1223
5 24 1008
5 25 1471
5 26 318
5 27 1445
5 28 835
5 29 315
5 30 1049
5 31 307
5 32 597
5 33 1169
5 34 108
5 35 517
5 36 954
5 37 961
5 38 1310
5 39 878
5 40 997
5 41 587
5 42 1477
5 43 189
5 44 1284
5 45 1614
5 46 667
5 47 1063
5 48 964
5 49 1044
5 50 389
5 51 1341
5 52 767
5 53 457
5 54 777
5 55 528
5 56 1162
5 57 526
5 58 499
5 59 1227
5 60 1059
5 61 269
5 62 1251
5 63 858
5 64 1296
5 65 902
5 66 1534
5 67 793
5 68 924
5 69 983
5 70 836
5 71 624
5 72 259
5 73 190
5 74 1348
5 75 360
5 76 541
5 77 1506
5 78 905
5 79 913
5 80 548
5 81 88
5 82 1533
5 83 571
5 84 844
5 85 980
5 86 484
5 87 433
5 88 576
5 89 987
5 90 1797
5 91 1058
5 92 1330
5 93 635
5 94 346
5 95 1512
5 96 868
5 97 529
5 98 996
5 99 1009
5 100 310
5 101 412
6 0 460
6 1 354
6 2 967
6 3 331
6 4 772
6 5 1057
6 7 598
6 8 296
6 9 324
6 10 644
6 11 324
6 12 233
6 13 768
6 14 339
6 15 674
6 16 566
6 17 463
6 18 642
6 19 296
6 20 402
6 21 429
6 22 644
6 23 306
6 24 537
6 25 414
6 26 739
6 27 388
6 28 480
6 29 1068
6 30 426
6 31 750
6 32 532
6 33 194
6 34 1107
6 35 540
6 36 499
6 37 96
6 38 253
6 39 179
6 40 796
6 41 520
6 42 420
6 43 868
6 44 505
6 45 557
6 46 518
6 47 862
6 48 703
6 49 21
6 50 668
6 51 368
6 52 290
6 53 654
6 54 334
6 55 529
6 56 457
6 57 531
6 58 700
6 59 540
6 60 616
6 61 788
6 62 282
6 63 199
6 64 253
6 65 701
6 66 477
6 67 702
6 68 695
6 69 778
6 70 635
6 71 537
6 72 820
6 73 867
6 74 291
6 75 697
6 76 578
6 77 449
6 78 548
6 79 482
6 80 637
6 81 973
6 82 476
6 83 554
6 84 643
6 85 423
6 86 573
6 87 624
6 88 521
6 89 702
6 90 740
6 91 39
6 92 273
6 93 422
6 94 781
6 95 455
6 96 667
6 97 544
6 98 375
6 99 808
6 100 747
6 101 645
7 0 416
7 1 952
7 2 369
7 3 929
7 4 728
7 5 459
7 6 598
7 8 302
7 9 922
7 10 1242
7 11 830
7 12 385
7 13 724
7 14 261
7 15 718
7 16 640
7 17 621
7 18 320
7 19 878
7 20 902
7 21 215
7 22 600
7 23 764
7 24 549
7 25 1012
7 26 141
7 27 986
7 28 436
7 29 470
7 30 590
7 31 334
7 32 440
7 33 710
7 34 509
7 35 104
7 36 543
7 37 502
7 38 851
7 39 419
7 40 840
7 41 430
7 42 1018
7 43 270
7 44 825
7 45 1155
7 46 510
7 47 906
7 48 747
7 49 585
7 50 210
7 51 882
7 52 308
7 53 610
7 54 378
7 55 245
7 56 703
7 57 395
7 58 342
7 59 768
7 60 660
7 61 190
7 62 792
7 63 399
7 64 837
7 65 745
7 66 1075
7 67 658
7 68 651
7 69 734
7 70 679
7 71 493
7 72 222
7 73 279
7 74 889
7 75 283
7 76 534
7 77 1047
7 78 504
7 79 526
7 80 593
7 81 375
7 82 1074
7 83 414
7 84 687
7 85 521
7 86 63
7 87 176
7 88 477
7 89 746
7 90 1338
7 91 599
7 92 871
7 93 176
7 94 189
7 95 1053
7 96 711
7 97 500
7 98 537
7 99 852
7 100 435
7 101 47
8 0 698
8 1 650
8 2 671
8 3 627
8 4 1010
8 5 761
8 6 296
8 7 302
8 9 620
8 10 940
8 11 528
8 12 471
8 13 1006
8 14 43
8 15 436
8 16 338
8 17 319
8 18 346
8 19 576
8 20 600
8 21 133
8 22 882
8 23 544
8 24 775
8 25 710
8 26 443
8 27 684
8 28 718
8 29 772
8 30 288
8 31 616
8 32 236
8 33 432
8 34 811
8 35 244
8 36 261
8 37 200
8 38 549
8 39 117
8 40 558
8 41 224
8 42 716
8 43 572
8 44 743
8 45 853
8 46 228
8 47 624
8 48 465
8 49 283
8 50 372
8 51 580
8 52 336
8 53 892
8 54 96
8 55 233
8 56 401
8 57 677
8 58 404
8 59 466
8 60 378
8 61 492
8 62 520
8 63 279
8 64 535
8 65 463
8 66 773
8 67 940
8 68 933
8 69 1016
8 70 397
8 71 775
8 72 524
8 73 571
8 74 587
8 75 565
8 76 816
8 77 745
8 78 786
8 79 244
8 80 875
8 81 677
8 82 772
8 83 258
8 84 405
8 85 219
8 86 345
8 87 328
8 88 759
8 89 464
8 90 1036
8 91 297
8 92 569
8 93 180
8 94 485
8 95 751
8 96 429
8 97 782
8 98 235
8 99 570
8 100 717
8 101 349
9 0 630
9 1 204
9 2 1291
9 3 261
9 4 734
9 5 1381
9 6 324
9 7 922
9 8 620
9 10 320
9 11 362
9 12 537
9 13 730
9 14 663
9 15 712
9 16 604
9 17 501
9 18 966
9 19 334
9 20 440
9 21 753
9 22 606
9 23 268
9 24 499
9 25 102
9 26 1063
9 27 64
9 28 546
9 29 1392
9 30 464
9 31 1074
9 32 856
9 33 212
9 34 1431
9 35 864
9 36 537
9 37 420
9 38 101
9 39 503
9 40 834
9 41 844
9 42 320
9 43 1192
9 44 467
9 45 233
9 46 842
9 47 900
9 48 741
9 49 337
9 50 992
9 51 406
9 52 614
9 53 924
9 54 604
9 55 853
9 56 495
9 57 855
9 58 1024
9 59 578
9 60 654
9 61 1112
9 62 244
9 63 523
9 64 215
9 65 739
9 66 153
9 67 664
9 68 657
9 69 740
9 70 851
9 71 757
9 72 1144
9 73 1191
9 74 151
9 75 1021
9 76 840
9 77 185
9 78 510
9 79 520
9 80 833
9 81 1297
9 82 152
9 83 878
9 84 827
9 85 461
9 86 897
9 87 948
9 88 805
9 89 740
9 90 416
9 91 323
9 92 137
9 93 746
9 94 1105
9 95 131
9 96 705
9 97 852
9 98 413
9 99 846
9 100 1071
9 101 969
10 0 950
10 1 290
10 2 1611
10 3 313
10 4 812
10 5 1701
10 6 644
10 7 1242
10 8 940
10 9 320
10 11 412
10 12 857
10 13 970
10 14 983
10 15 690
10 16 602
10 17 621
10 18 1286
10 19 364
10 20 388
10 21 1073
10 22 658
10 23 478
10 24 693
10 25 230
10 26 1383
10 27 256
10 28 866
10 29 1712
10 30 652
10 31 1394
10 32 1176
10 33 532
10 34 1751
10 35 1184
10 36 747
10 37 740
10 38 391
10 39 823
10 40 994
10 41 1164
10 42 268
10 43 1512
10 44 519
10 45 93
10 46 1162
10 47 896
10 48 737
10 49 657
10 50 1312
10 51 360
10 52 934
10 53 1244
10 54 924
10 55 1173
10 56 539
10 57 1175
10 58 1344
10 59 526
10 60 642
10 61 1432
10 62 450
10 63 843
10 64 405
10 65 899
10 66 167
10 67 908
10 68 777
10 69 792
10 70 1171
10 71 1077
10 72 1464
10 73 1511
10 74 353
10 75 1341
10 76 1160
10 77 237
10 78 796
10 79 788
10 80 1153
10 81 1617
10 82 168
10 83 1198
10 84 1147
10 85 721
10 86 1217
10 87 1268
10 88 1125
10 89 714
10 90 96
10 91 643
10 92 371
10 93 1066
10 94 1425
10 95 189
10 96 915
10 97 1172
10 98 705
10 99 926
10 100 1391
10 101 1289
11 0 784
11 1 158
11 2 1199
11 3 101
11 4 1096
11 5 1289
11 6 324
11 7 830
11 8 528
11 9 362
11 10 412
11 12 557
11 13 1092
11 14 571
11 15 350
11 16 242
11 17 209
11 18 874
11 19 48
11 20 78
11 21 661
11 22 968
11 23 630
11 24 861
11 25 464
11 26 971
11 27 340
11 28 804
11 29 1300
11 30 240
11 31 982
11 32 764
11 33 518
11 34 1339
11 35 772
11 36 335
11 37 328
11 38 261
11 39 411
11 40 582
11 41 752
11 42 188
11 43 1100
11 44 829
11 45 325
11 46 750
11 47 538
11 48 379
11 49 303
11 50 900
11 51 52
11 52 522
11 53 978
11 54 512
11 55 761
11 56 133
11 57 763
11 58 932
11 59 216
11 60 292
11 61 1020
11 62 606
11 63 431
11 64 577
11 65 487
11 66 473
11 67 1026
11 68 1019
11 69 1102
11 70 759
11 71 861
11 72 1052
11 73 1099
11 74 211
11 75 929
11 76 902
11 77 547
11 78 872
11 79 376
11 80 961
11 81 1205
11 82 400
11 83 786
11 84 735
11 85 309
11 86 805
11 87 856
11 88 845
11 89 378
11 90 508
11 91 363
11 92 225
11 93 654
11 94 1013
11 95 287
11 96 503
11 97 868
11 98 293
11 99 514
11 100 979
11 101 877
12 0 227
12 1 567
12 2 754
12 3 544
12 4 539
12 5 844
12 6 233
12 7 385
12 8 471
12 9 537
12 10 857
12 11 557
12 13 535
12 14 450
12 15 907
12 16 799
12 17 696
12 18 509
12 19 529
12 20 635
12 21 404
12 22 411
12 23 379
12 24 304
12 25 627
12 26 526
12 27 601
12 28 247
12 29 855
12 30 659
12 31 537
12 32 629
12 33 325
12 34 894
12 35 327
12 36 732
12 37 277
12 38 466
12 39 402
12 40 1029
12 41 619
12 42 633
12 43 655
12 44 440
12 45 770
12 46 699
12 47 1095
12 48 936
12 49 254
12 50 455
12 51 601
12 52 135
12 53 421
12 54 567
12 55 434
12 56 690
12 57 318
12 58 531
12 59 773
12 60 849
12 61 575
12 62 407
12 63 192
12 64 452
12 65 934
12 66 690
12 67 469
12 68 462
12 69 545
12 70 868
12 71 304
12 72 607
12 73 654
12 74 504
12 75 484
12 76 345
12 77 662
12 78 315
12 79 715
12 80 404
12 81 760
12 82 689
12 83 603
12 84 876
12 85 656
12 86 360
12 87 411
12 88 288
12 89 935
12 90 953
12 91 214
12 92 486
12 93 291
12 94 568
12 95 668
12 96 900
12 97 315
12 98 608
12 99 1041
12 100 534
12 101 432
13 0 308
13 1 934
13 2 641
13 3 991
13 4 158
13 5 731
13 6 768
13 7 724
13 8 1006
13 9 730
13 10 970
13 11 1092
13 12 535
13 14 985
13 15 1442
13 16 1334
13 17 1231
13 18 1044
13 19 1064
13 20 1170
13 21 939
13 22 326
13 23 492
13 24 277
13 25 740
13 26 681
13 27 752
13 28 288
13 29 882
13 30 1194
13 31 424
13 32 1164
13 33 574
13 34 781
13 35 828
13 36 1267
13 37 812
13 38 831
13 39 937
13 40 1564
13 41 1154
13 42 1050
13 43 642
13 44 553
13 45 883
13 46 1234
13 47 1630
13 48 1471
13 49 789
13 50 934
13 51 1136
13 52 670
13 53 274
13 54 1102
13 55 969
13 56 1225
13 57 329
13 58 1066
13 59 1308
13 60 1384
13 61 780
13 62 520
13 63 727
13 64 565
13 65 1469
13 66 803
13 67 66
13 68 193
13 69 252
13 70 1403
13 71 231
13 72 826
13 73 541
13 74 881
13 75 441
13 76 190
13 77 775
13 78 220
13 79 1250
13 80 183
13 81 647
13 82 802
13 83 1138
13 84 1411
13 85 1191
13 86 661
13 87 900
13 88 247
13 89 1470
13 90 1066
13 91 729
13 92 867
13 93 826
13 94 913
13 95 805
13 96 1435
13 97 224
13 98 1143
13 99 1576
13 100 421
13 101 721
14 0 677
14 1 693
14 2 628
14 3 670
14 4 989
14 5 718
14 6 339
14 7 261
14 8 43
14 9 663
14 10 983
14 11 571
14 12 450
14 13 985
14 15 457
14 16 381
14 17 362
14 18 303
14 19 619
14 20 643
14 21 90
14 22 861
14 23 523
14 24 754
14 25 753
14 26 400
14 27 727
14 28 697
14 29 729
14 30 331
14 31 595
14 32 193
14 33 451
14 34 768
14 35 201
14 36 282
14 37 243
14 38 592
14 39 160
14 40 579
14 41 181
14 42 759
14 43 529
14 44 722
14 45 896
14 46 249
14 47 645
14 48 486
14 49 326
14 50 329
14 51 623
14 52 315
14 53 871
14 54 117
14 55 190
14 56 444
14 57 656
14 58 361
14 59 509
14 60 399
14 61 449
14 62 533
14 63 258
14 64 578
14 65 484
14 66 816
14 67 919
14 68 912
14 69 995
14 70 418
14 71 754
14 72 481
14 73 540
14 74 630
14 75 544
14 76 795
14 77 788
14 78 765
14 79 265
14 80 854
14 81 634
14 82 815
14 83 215
14 84 426
14 85 262
14 86 324
14 87 285
14 88 738
14 89 485
14 90 1079
14 91 340
14 92 612
14 93 159
14 94 442
14 95 794
14 96 450
14 97 761
14 98 278
14 99 591
14 100 696
14 101 306
15 0 1134
15 1 508
15 2 971
15 3 451
15 4 1446
15 5 1011
15 6 674
15 7 718
15 8 436
15 9 712
15 10 690
15 11 350
15 12 907
15 13 1442
15 14 457
15 16 108
15 17 211
15 18 596
15 19 378
15 20 350
15 21 503
15 22 1318
15 23 980
15 24 1211
15 25 814
15 26 761
15 27 690
15 28 1154
15 29 1022
15 30 248
15 31 1052
15 32 486
15 33 868
15 34 1061
15 35 614
15 36 175
15 37 630
15 38 611
15 39 505
15 40 304
15 41 474
15 42 466
15 43 822
15 44 1179
15 45 603
15 46 472
15 47 206
15 48 47
15 49 653
15 50 622
15 51 330
15 52 772
15 53 1328
15 54 340
15 55 483
15 56 217
15 57 1113
15 58 654
15 59 216
15 60 58
15 61 742
15 62 956
15 63 715
15 64 927
15 65 209
15 66 823
15 67 1376
15 68 1369
15 69 1452
15 70 481
15 71 1211
15 72 774
15 73 997
15 74 561
15 75 1001
15 76 1252
15 77 897
15 78 1222
15 79 192
15 80 1311
15 81 963
15 82 750
15 83 508
15 84 457
15 85 251
15 86 781
15 87 578
15 88 1195
15 89 28
15 90 786
15 91 713
15 92 575
15 93 616
15 94 735
15 95 637
15 96 225
15 97 1218
15 98 299
15 99 236
15 100 1153
15 101 721
16 0 1026
16 1 400
16 2 1009
16 3 343
16 4 1338
16 5 1099
16 6 566
16 7 640
16 8 338
16 9 604
16 10 602
16 11 242
16 12 799
16 13 1334
16 14 381
16 15 108
16 17 103
16 18 684
16 19 270
16 20 262
16 21 471
16 22 1210
16 23 872
16 24 1103
16 25 706
16 26 781
16 27 582
16 28 1046
16 29 1110
16 30 140
16 31 944
16 32 574
16 33 760
16 34 1149
16 35 582
16 36 145
16 37 522
16 38 503
16 39 397
16 40 392
16 41 562
16 42 378
16 43 910
16 44 1071
16 45 515
16 46 560
16 47 296
16 48 137
16 49 545
16 50 710
16 51 242
16 52 664
16 53 1220
16 54 322
16 55 571
16 56 109
16 57 1005
16 58 742
16 59 128
16 60 50
16 61 830
16 62 848
16 63 607
16 64 819
16 65 297
16 66 715
16 67 1268
16 68 1261
16 69 1344
16 70 569
16 71 1103
16 72 862
16 73 909
16 74 453
16 75 893
16 76 1144
16 77 789
16 78 1114
16 79 186
16 80 1203
16 81 1015
16 82 642
16 83 596
16 84 545
16 85 143
16 86 673
16 87 666
16 88 1087
16 89 136
16 90 698
16 91 605
16 92 467
16 93 508
16 94 823
16 95 529
16 96 313
16 97 1110
16 98 191
16 99 324
16 100 1045
16 101 687
17 0 923
17 1 331
17 2 990
17 3 308
17 4 1235
17 5 1080
17 6 463
17 7 621
17 8 319
17 9 501
17 10 621
17 11 209
17 12 696
17 13 1231
17 14 362
17 15 211
17 16 103
17 18 665
17 19 257
17 20 281
17 21 452
17 22 1107
17 23 769
17 24 1000
17 25 603
17 26 762
17 27 479
17 28 943
17 29 1091
17 30 37
17 31 841
17 32 555
17 33 657
17 34 1130
17 35 563
17 36 126
17 37 419
17 38 400
17 39 294
17 40 373
17 41 543
17 42 397
17 43 891
17 44 968
17 45 534
17 46 541
17 47 399
17 48 240
17 49 442
17 50 691
17 51 261
17 52 561
17 53 1117
17 54 303
17 55 552
17 56 82
17 57 902
17 58 723
17 59 147
17 60 153
17 61 811
17 62 745
17 63 504
17 64 716
17 65 278
17 66 612
17 67 1165
17 68 1158
17 69 1241
17 70 550
17 71 1000
17 72 843
17 73 890
17 74 350
17 75 790
17 76 1041
17 77 686
17 78 1011
17 79 167
17 80 1100
17 81 996
17 82 539
17 83 577
17 84 526
17 85 100
17 86 596
17 87 647
17 88 984
17 89 239
17 90 717
17 91 502
17 92 364
17 93 445
17 94 804
17 95 432
17 96 294
17 97 1007
17 98 88
17 99 345
17 100 942
17 101 668
18 0 736
18 1 996
18 2 573
18 3 973
18 4 1048
18 5 477
18 6 642
18 7 320
18 8 346
18 9 966
18 10 1286
18 11 874
18 12 509
18 13 1044
18 14 303
18 15 596
18 16 684
18 17 665
18 19 922
18 20 946
18 21 213
18 22 920
18 23 808
18 24 813
18 25 1056
18 26 363
18 27 1030
18 28 756
18 29 426
18 30 634
18 31 654
18 32 120
18 33 754
18 34 465
18 35 216
18 36 539
18 37 546
18 38 895
18 39 463
18 40 520
18 41 122
18 42 1062
18 43 402
18 44 869
18 45 1199
18 46 190
18 47 586
18 48 549
18 49 629
18 50 110
18 51 926
18 52 374
18 53 930
18 54 362
18 55 113
18 56 747
18 57 715
18 58 58
18 59 812
18 60 644
18 61 264
18 62 836
18 63 443
18 64 881
18 65 425
18 66 1119
18 67 978
18 68 971
18 69 1054
18 70 359
18 71 813
18 72 218
18 73 599
18 74 933
18 75 603
18 76 854
18 77 1091
18 78 824
18 79 498
18 80 913
18 81 565
18 82 1118
18 83 94
18 84 367
18 85 565
18 86 383
18 87 144
18 88 797
18 89 572
18 90 1382
18 91 643
18 92 915
18 93 220
18 94 139
18 95 1097
18 96 391
18 97 820
18 98 581
18 99 532
18 100 755
18 101 323
19 0 756
19 1 130
19 2 1247
19 3 73
19 4 1068
19 5 1337
19 6 296
19 7 878
19 8 576
19 9 334
19 10 364
19 11 48
19 12 529
19 13 1064
19 14 619
19 15 378
19 16 270
19 17 257
19 18 922
19 20 106
19 21 709
19 22 940
19 23 602
19 24 833
19 25 436
19 26 1019
19 27 312
19 28 776
19 29 1348
19 30 288
19 31 1030
19 32 812
19 33 490
19 34 1387
19 35 820
19 36 383
19 37 376
19 38 233
19 39 459
19 40 630
19 41 800
19 42 140
19 43 1148
19 44 801
19 45 277
19 46 798
19 47 566
19 48 407
19 49 293
19 50 948
19 51 72
19 52 570
19 53 950
19 54 560
19 55 809
19 56 175
19 57 811
19 58 980
19 59 244
19 60 320
19 61 1068
19 62 578
19 63 479
19 64 549
19 65 535
19 66 445
19 67 998
19 68 991
19 69 1074
19 70 807
19 71 833
19 72 1100
19 73 1147
19 74 183
19 75 977
19 76 874
19 77 519
19 78 844
19 79 424
19 80 933
19 81 1253
19 82 372
19 83 834
19 84 783
19 85 357
19 86 853
19 87 904
19 88 817
19 89 406
19 90 460
19 91 335
19 92 197
19 93 702
19 94 1061
19 95 259
19 96 551
19 97 840
19 98 341
19 99 562
19 100 1027
19 101 925
20 0 862
20 1 236
20 2 1271
20 3 179
20 4 1174
20 5 1361
20 6 402
20 7 902
20 8 600
20 9 440
20 10 388
20 11 78
20 12 635
20 13 1170
20 14 643
20 15 350
20 16 262
20 17 281
20 18 946
20 19 106
20 21 733
20 22 1046
20 23 708
20 24 939
20 25 542
20 26 1043
20 27 418
20 28 882
20 29 1372
20 30 312
20 31 1054
20 32 836
20 33 596
20 34 1411
20 35 844
20 36 407
20 37 400
20 38 339
20 39 483
20 40 654
20 41 824
20 42 120
20 43 1172
20 44 907
20 45 295
20 46 822
20 47 556
20 48 397
20 49 381
20 50 972
20 51 34
20 52 594
20 53 1056
20 54 584
20 55 833
20 56 199
20 57 841
20 58 1004
20 59 138
20 60 302
20 61 1092
20 62 684
20 63 503
20 64 655
20 65 559
20 66 551
20 67 1104
20 68 1097
20 69 1180
20 70 831
20 71 939
20 72 1124
20 73 1171
20 74 289
20 75 1001
20 76 980
20 77 625
20 78 950
20 79 448
20 80 1039
20 81 1277
20 82 478
20 83 858
20 84 807
20 85 381
20 86 877
20 87 928
20 88 923
20 89 374
20 90 456
20 91 441
20 92 303
20 93 726
20 94 1085
20 95 365
20 96 575
20 97 946
20 98 365
20 99 586
20 100 1051
20 101 949
21 0 631
21 1 783
21 2 538
21 3 760
21 4 943
21 5 628
21 6 429
21 7 215
21 8 133
21 9 753
21 10 1073
21 11 661
21 12 404
21 13 939
21 14 90
21 15 503
21 16 471
21 17 452
21 18 213
21 19 709
21 20 733
21 22 815
21 23 595
21 24 708
21 25 843
21 26 310
21 27 817
21 28 651
21 29 639
21 30 421
21 31 549
21 32 225
21 33 541
21 34 678
21 35 111
21 36 328
21 37 333
21 38 682
21 39 250
21 40 625
21 41 215
21 42 849
21 43 439
21 44 676
21 45 986
21 46 295
21 47 691
21 48 532
21 49 416
21 50 239
21 51 713
21 52 269
21 53 825
21 54 163
21 55 100
21 56 534
21 57 610
21 58 271
21 59 599
21 60 445
21 61 359
21 62 623
21 63 230
21 64 668
21 65 530
21 66 906
21 67 873
21 68 866
21 69 949
21 70 464
21 71 708
21 72 391
21 73 494
21 74 720
21 75 498
21 76 749
21 77 878
21 78 719
21 79 311
21 80 808
21 81 544
21 82 905
21 83 199
21 84 472
21 85 352
21 86 278
21 87 195
21 88 692
21 89 531
21 90 1169
21 91 430
21 92 702
21 93 113
21 94 352
21 95 884
21 96 496
21 97 715
21 98 368
21 99 637
21 100 650
21 101 218
22 0 306
22 1 810
22 2 967
22 3 867
22 4 168
22 5 1057
22 6 644
22 7 600
22 8 882
22 9 606
22 10 658
22 11 968
22 12 411
22 13 326
22 14 861
22 15 1318
22 16 1210
22 17 1107
22 18 920
22 19 940
22 20 1046
22 21 815
22 23 338
22 24 107
22 25 504
22 26 739
22 27 628
22 28 222
22 29 1068
22 30 1070
22 31 750
22 32 1040
22 33 450
22 34 1107
22 35 704
22 36 1143
22 37 688
22 38 707
22 39 813
22 40 1440
22 41 1030
22 42 926
22 43 868
22 44 227
22 45 751
22 46 1110
22 47 1506
22 48 1347
22 49 665
22 50 810
22 51 1012
22 52 546
22 53 600
22 54 978
22 55 845
22 56 1101
22 57 531
22 58 942
22 59 1184
22 60 1260
22 61 788
22 62 362
22 63 603
22 64 391
22 65 1345
22 66 495
22 67 264
22 68 133
22 69 134
22 70 1279
22 71 433
22 72 820
22 73 867
22 74 757
22 75 697
22 76 516
22 77 449
22 78 152
22 79 1126
22 80 509
22 81 973
22 82 568
22 83 1014
22 84 1287
22 85 1067
22 86 573
22 87 776
22 88 481
22 89 1346
22 90 740
22 91 605
22 92 743
22 93 702
22 94 789
22 95 681
22 96 1311
22 97 528
22 98 1019
22 99 1452
22 100 747
22 101 645
23 0 472
23 1 472
23 2 1133
23 3 529
23 4 466
23 5 1223
23 6 306
23 7 764
23 8 544
23 9 268
23 10 478
23 11 630
23 12 379
23 13 492
23 14 523
23 15 980
23 16 872
23 17 769
23 18 808
23 19 602
23 20 708
23 21 595
23 22 338
23 24 231
23 25 248
23 26 905
23 27 290
23 28 388
23 29 1234
23 30 732
23 31 916
23 32 702
23 33 112
23 34 1273
23 35 706
23 36 805
23 37 350
23 38 369
23 39 475
23 40 1102
23 41 692
23 42 588
23 43 1034
23 44 199
23 45 413
23 46 772
23 47 1168
23 48 1009
23 49 327
23 50 834
23 51 674
23 52 456
23 53 766
23 54 640
23 55 695
23 56 763
23 57 697
23 58 866
23 59 846
23 60 922
23 61 954
23 62 28
23 63 365
23 64 73
23 65 1007
23 66 311
23 67 430
23 68 389
23 69 472
23 70 941
23 71 599
23 72 986
23 73 1033
23 74 419
23 75 863
23 76 682
23 77 283
23 78 318
23 79 788
23 80 675
23 81 1139
23 82 310
23 83 720
23 84 949
23 85 729
23 86 739
23 87 790
23 88 647
23 89 1008
23 90 574
23 91 267
23 92 405
23 93 588
23 94 947
23 95 343
23 96 973
23 97 694
23 98 681
23 99 1114
23 100 913
23 101 811
24 0 257
24 1 703
24 2 918
24 3 760
24 4 235
24 5 1008
24 6 537
24 7 549
24 8 775
24 9 499
24 10 693
24 11 861
24 12 304
24 13 277
24 14 754
24 15 1211
24 16 1103
24 17 1000
24 18 813
24 19 833
24 20 939
24 21 708
24 22 107
24 23 231
24 25 463
24 26 690
24 27 521
24 28 173
24 29 1019
24 30 963
24 31 701
24 32 933
24 33 343
24 34 1058
24 35 597
24 36 1036
24 37 581
24 38 600
24 39 706
24 40 1333
24 41 923
24 42 819
24 43 819
24 44 276
24 45 644
24 46 1003
24 47 1399
24 48 1240
24 49 558
24 50 703
24 51 905
24 52 439
24 53 551
24 54 871
24 55 738
24 56 994
24 57 482
24 58 835
24 59 1077
24 60 1153
24 61 739
24 62 255
24 63 496
24 64 288
24 65 1238
24 66 526
24 67 215
24 68 158
24 69 241
24 70 1172
24 71 384
24 72 771
24 73 818
24 74 650
24 75 648
24 76 467
24 77 498
24 78 103
24 79 1019
24 80 460
24 81 924
24 82 525
24 83 907
24 84 1180
24 85 960
24 86 524
24 87 669
24 88 432
24 89 1239
24 90 789
24 91 498
24 92 636
24 93 595
24 94 732
24 95 574
24 96 1204
24 97 479
24 98 912
24 99 1345
24 100 698
24 101 596
25 0 720
25 1 306
25 2 1381
25 3 363
25 4 632
25 5 1471
25 6 414
25 7 1012
25 8 710
25 9 102
25 10 230
25 11 464
25 12 627
25 13 740
25 14 753
25 15 814
25 16 706
25 17 603
25 18 1056
25 19 436
25 20 542
25 21 843
25 22 504
25 23 248
25 24 463
25 26 1153
25 27 124
25 28 636
25 29 1482
25 30 566
25 31 1164
25 32 946
25 33 302
25 34 1521
25 35 954
25 36 639
25 37 510
25 38 203
25 39 593
25 40 936
25 41 934
25 42 422
25 43 1282
25 44 365
25 45 247
25 46 932
25 47 1002
25 48 843
25 49 427
25 50 1082
25 51 508
25 52 704
25 53 1014
25 54 694
25 55 943
25 56 597
25 57 945
25 58 1114
25 59 680
25 60 756
25 61 1202
25 62 220
25 63 613
25 64 175
25 65 841
25 66 63
25 67 678
25 68 555
25 69 638
25 70 941
25 71 847
25 72 1234
25 73 1281
25 74 253
25 75 1111
25 76 930
25 77 83
25 78 566
25 79 622
25 80 923
25 81 1387
25 82 64
25 83 968
25 84 917
25 85 563
25 86 987
25 87 1038
25 88 895
25 89 842
25 90 326
25 91 413
25 92 239
25 93 836
25 94 1195
25 95 177
25 96 807
25 97 942
25 98 515
25 99 948
25 100 1161
25 101 1059
26 0 433
26 1 1093
26 2 228
26 3 1070
26 4 685
26 5 318
26 6 739
26 7 141
26 8 443
26 9 1063
26 10 1383
26 11 971
26 12 526
26 13 681
26 14 400
26 15 761
26 16 781
26 17 762
26 18 363
26 19 1019
26 20 1043
26 21 310
26 22 739
26 23 905
26 24 690
26 25 1153
26 27 1127
26 28 517
26 29 329
26 30 731
26 31 291
26 32 483
26 33 851
26 34 368
26 35 199
26 36 636
26 37 643
26 38 992
26 39 560
26 40 883
26 41 473
26 42 1159
26 43 129
26 44 966
26 45 1296
26 46 553
26 47 949
26 48 790
26 49 726
26 50 253
26 51 1023
26 52 449
26 53 567
26 54 459
26 55 288
26 56 844
26 57 352
26 58 385
26 59 909
26 60 741
26 61 99
26 62 933
26 63 540
26 64 978
26 65 788
26 66 1216
26 67 615
26 68 608
26 69 691
26 70 722
26 71 450
26 72 145
26 73 236
26 74 1030
26 75 240
26 76 491
26 77 1188
26 78 587
26 79 595
26 80 550
26 81 234
26 82 1215
26 83 457
26 84 730
26 85 662
26 86 166
26 87 219
26 88 434
26 89 789
26 90 1479
26 91 740
26 92 1012
26 93 317
26 94 232
26 95 1194
26 96 754
26 97 457
26 98 678
26 99 895
26 100 392
26 101 94
27 0 694
27 1 182
27 2 1355
27 3 239
27 4 756
27 5 1445
27 6 388
27 7 986
27 8 684
27 9 64
27 10 256
27 11 340
27 12 601
27 13 752
27 14 727
27 15 690
27 16 582
27 17 479
27 18 1030
27 19 312
27 20 418
27 21 817
27 22 628
27 23 290
27 24 521
27 25 124
27 26 1127
27 28 610
27 29 1456
27 30 442
27 31 1138
27 32 920
27 33 276
27 34 1495
27 35 928
27 36 515
27 37 484
27 38 135
27 39 567
27 40 812
27 41 908
27 42 298
27 43 1256
27 44 489
27 45 169
27 46 906
27 47 878
27 48 719
27 49 401
27 50 1056
27 51 384
27 52 678
27 53 988
27 54 668
27 55 917
27 56 473
27 57 919
27 58 1088
27 59 556
27 60 632
27 61 1176
27 62 266
27 63 587
27 64 237
27 65 717
27 66 133
27 67 686
27 68 679
27 69 762
27 70 915
27 71 821
27 72 1208
27 73 1255
27 74 129
27 75 1085
27 76 904
27 77 207
27 78 540
27 79 532
27 80 897
27 81 1361
27 82 88
27 83 942
27 84 891
27 85 465
27 86 961
27 87 1012
27 88 869
27 89 718
27 90 352
27 91 387
27 92 115
27 93 810
27 94 1169
27 95 67
27 96 683
27 97 916
27 98 449
27 99 824
27 100 1135
27 101 1033
28 0 84
28 1 646
28 2 745
28 3 703
28 4 292
28 5 835
28 6 480
28 7 436
28 8 718
28 9 546
28 10 866
28 11 804
28 12 247
28 13 288
28 14 697
28 15 1154
28 16 1046
28 17 943
28 18 756
28 19 776
28 20 882
28 21 651
28 22 222
28 23 388
28 24 173
28 25 636
28 26 517
28 27 610
28 29 846
28 30 906
28 31 528
28 32 876
28 33 334
28 34 885
28 35 540
28 36 979
28 37 524
28 38 543
28 39 649
28 40 1276
28 41 866
28 42 762
28 43 646
28 44 449
28 45 779
28 46 946
28 47 1342
28 48 1183
28 49 501
28 50 646
28 51 848
28 52 382
28 53 378
28 54 814
28 55 681
28 56 937
28 57 309
28 58 778
28 59 1020
28 60 1096
28 61 566
28 62 416
28 63 439
28 64 461
28 65 1181
28 66 699
28 67 222
28 68 215
28 69 298
28 70 1115
28 71 211
28 72 598
28 73 645
28 74 593
28 75 475
28 76 294
28 77 671
28 78 70
28 79 962
28 80 287
28 81 751
28 82 698
28 83 850
28 84 1123
28 85 903
28 86 373
28 87 612
28 88 259
28 89 1182
28 90 962
28 91 441
28 92 579
28 93 538
28 94 625
28 95 677
28 96 1147
28 97 306
28 98 855
28 99 1288
28 100 525
28 101 433
29 0 762
29 1 1422
29 2 411
29 3 1399
29 4 900
29 5 315
29 6 1068
29 7 470
29 8 772
29 9 1392
29 10 1712
29 11 1300
29 12 855
29 13 882
29 14 729
29 15 1022
29 16 1110
29 17 1091
29 18 426
29 19 1348
29 20 1372
29 21 639
29 22 1068
29 23 1234
29 24 1019
29 25 1482
29 26 329
29 27 1456
29 28 846
29 30 1060
29 31 492
29 32 536
29 33 1180
29 34 207
29 35 528
29 36 965
29 37 972
29 38 1321
29 39 889
29 40 718
29 41 548
29 42 1488
29 43 240
29 44 1295
29 45 1625
29 46 550
29 47 816
29 48 975
29 49 1055
29 50 400
29 51 1352
29 52 778
29 53 768
29 54 788
29 55 539
29 56 1173
29 57 553
29 58 368
29 59 1238
29 60 1070
29 61 280
29 62 1262
29 63 869
29 64 1307
29 65 813
29 66 1545
29 67 816
29 68 935
29 69 994
29 70 541
29 71 651
29 72 248
29 73 437
29 74 1359
29 75 441
29 76 692
29 77 1517
29 78 916
29 79 924
29 80 751
29 81 403
29 82 1544
29 83 514
29 84 565
29 85 991
29 86 495
29 87 444
29 88 635
29 89 998
29 90 1808
29 91 1069
29 92 1341
29 93 646
29 94 287
29 95 1523
29 96 797
29 97 658
29 98 1007
29 99 786
29 100 593
29 101 423
30 0 886
30 1 362
30 2 959
30 3 339
30 4 1198
30 5 1049
30 6 426
30 7 590
30 8 288
30 9 464
30 10 652
30 11 240
30 12 659
30 13 1194
30 14 331
30 15 248
30 16 140
30 17 37
30 18 634
30 19 288
30 20 312
30 21 421
30 22 1070
30 23 732
30 24 963
30 25 566
30 26 731
30 27 442
30 28 906
30 29 1060
30 31 804
30 32 524
30 33 620
30 34 1099
30 35 532
30 36 95
30 37 382
30 38 363
30 39 257
30 40 370
30 41 512
30 42 428
30 43 860
30 44 931
30 45 565
30 46 510
30 47 436
30 48 277
30 49 405
30 50 660
30 51 292
30 52 524
30 53 1080
30 54 272
30 55 521
30 56 113
30 57 865
30 58 692
30 59 178
30 60 190
30 61 780
30 62 708
30 63 467
30 64 679
30 65 275
30 66 575
30 67 1128
30 68 1121
30 69 1204
30 70 519
30 71 963
30 72 812
30 73 859
30 74 313
30 75 753
30 76 1004
30 77 649
30 78 974
30 79 136
30 80 1063
30 81 965
30 82 502
30 83 546
30 84 495
30 85 69
30 86 565
30 87 616
30 88 947
30 89 276
30 90 748
30 91 465
30 92 327
30 93 414
30 94 773
30 95 463
30 96 263
30 97 970
30 98 53
30 99 382
30 100 905
30 101 637
31 0 444
31 1 1104
31 2 217
31 3 1081
31 4 582
31 5 307
31 6 750
31 7 334
31 8 616
31 9 1074
31 10 1394
31 11 982
31 12 537
31 13 424
31 14 595
31 15 1052
31 16 944
31 17 841
31 18 654
31 19 1030
31 20 1054
31 21 549
31 22 750
31 23 916
31 24 701
31 25 1164
31 26 291
31 27 1138
31 28 528
31 29 492
31 30 804
31 32 774
31 33 862
31 34 357
31 35 438
31 36 877
31 37 654
31 38 1003
31 39 571
31 40 1174
31 41 764
31 42 1170
31 43 252
31 44 977
31 45 1307
31 46 844
31 47 1240
31 48 1081
31 49 737
31 50 544
31 51 1034
31 52 460
31 53 276
31 54 712
31 55 579
31 56 855
31 57 219
31 58 676
31 59 920
31 60 994
31 61 390
31 62 944
31 63 551
31 64 989
31 65 1079
31 66 1227
31 67 486
31 68 617
31 69 676
31 70 1013
31 71 317
31 72 436
31 73 117
31 74 1041
31 75 53
31 76 234
31 77 1199
31 78 598
31 79 860
31 80 259
31 81 223
31 82 1226
31 83 748
31 84 1021
31 85 801
31 86 271
31 87 510
31 88 269
31 89 1080
31 90 1490
31 91 751
31 92 1023
31 93 436
31 94 523
31 95 1205
31 96 1045
31 97 222
31 98 753
31 99 1186
31 100 101
31 101 331
32 0 856
32 1 886
32 2 693
32 3 863
32 4 1168
32 5 597
32 6 532
32 7 440
32 8 236
32 9 856
32 10 1176
32 11 764
32 12 629
32 13 1164
32 14 193
32 15 486
32 16 574
32 17 555
32 18 120
32 19 812
32 20 836
32 21 225
32 22 1040
32 23 702
32 24 933
32 25 946
32 26 483
32 27 920
32 28 876
32 29 536
32 30 524
32 31 774
32 33 644
32 34 575
32 35 336
32 36 429
32 37 436
32 38 785
32 39 353
32 40 400
32 41 12
32 42 952
32 43 522
32 44 901
32 45 1089
32 46 70
32 47 466
32 48 439
32 49 519
32 50 230
32 51 816
32 52 494
32 53 1050
32 54 252
32 55 195
32 56 637
32 57 835
32 58 168
32 59 702
32 60 534
32 61 384
32 62 726
32 63 437
32 64 771
32 65 305
32 66 1009
32 67 1098
32 68 1091
32 69 1174
32 70 239
32 71 933
32 72 338
32 73 719
32 74 823
32 75 723
32 76 974
32 77 981
32 78 944
32 79 388
32 80 1033
32 81 685
32 82 1008
32 83 26
32 84 247
32 85 455
32 86 503
32 87 264
32 88 917
32 89 462
32 90 1272
32 91 533
32 92 805
32 93 338
32 94 251
32 95 987
32 96 271
32 97 940
32 98 471
32 99 412
32 100 875
32 101 443
33 0 418
33 1 360
33 2 1079
33 3 417
33 4 578
33 5 1169
33 6 194
33 7 710
33 8 432
33 9 212
33 10 532
33 11 518
33 12 325
33 13 574
33 14 451
33 15 868
33 16 760
33 17 657
33 18 754
33 19 490
33 20 596
33 21 541
33 22 450
33 23 112
33 24 343
33 25 302
33 26 851
33 27 276
33 28 334
33 29 1180
33 30 620
33 31 862
33 32 644
33 34 1219
33 35 652
33 36 693
33 37 238
33 38 257
33 39 363
33 40 990
33 41 632
33 42 476
33 43 980
33 44 311
33 45 445
33 46 660
33 47 1056
33 48 897
33 49 215
33 50 780
33 51 562
33 52 402
33 53 712
33 54 528
33 55 641
33 56 651
33 57 643
33 58 812
33 59 734
33 60 810
33 61 900
33 62 88
33 63 311
33 64 127
33 65 895
33 66 365
33 67 508
33 68 501
33 69 584
33 70 829
33 71 545
33 72 932
33 73 979
33 74 307
33 75 809
33 76 628
33 77 337
33 78 354
33 79 676
33 80 621
33 81 1085
33 82 364
33 83 666
33 84 837
33 85 617
33 86 685
33 87 736
33 88 593
33 89 896
33 90 628
33 91 155
33 92 293
33 93 534
33 94 893
33 95 343
33 96 861
33 97 640
33 98 569
33 99 1002
33 100 859
33 101 757
34 0 801
34 1 1461
34 2 204
34 3 1438
34 4 939
34 5 108
34 6 1107
34 7 509
34 8 811
34 9 1431
34 10 1751
34 11 1339
34 12 894
34 13 781
34 14 768
34 15 1061
34 16 1149
34 17 1130
34 18 465
34 19 1387
34 20 1411
34 21 678
34 22 1107
34 23 1273
34 24 1058
34 25 1521
34 26 368
34 27 1495
34 28 885
34 29 207
34 30 1099
34 31 357
34 32 575
34 33 1219
34 35 567
34 36 1004
34 37 1011
34 38 1360
34 39 928
34 40 889
34 41 587
34 42 1527
34 43 239
34 44 1334
34 45 1664
34 46 589
34 47 955
34 48 1014
34 49 1094
34 50 439
34 51 1391
34 52 817
34 53 561
34 54 827
34 55 578
34 56 1212
34 57 576
34 58 407
34 59 1277
34 60 1109
34 61 319
34 62 1301
34 63 908
34 64 1346
34 65 852
34 66 1584
34 67 843
34 68 974
34 69 1033
34 70 728
34 71 674
34 72 287
34 73 240
34 74 1398
34 75 410
34 76 591
34 77 1556
34 78 955
34 79 963
34 80 598
34 81 196
34 82 1583
34 83 553
34 84 736
34 85 1030
34 86 534
34 87 483
34 88 626
34 89 1037
34 90 1847
34 91 1108
34 92 1380
34 93 685
34 94 326
34 95 1562
34 96 836
34 97 579
34 98 1046
34 99 901
34 100 386
34 101 462
35 0 520
35 1 894
35 2 427
35 3 871
35 4 832
35 5 517
35 6 540
35 7 104
35 8 244
35 9 864
35 10 1184
35 11 772
35 12 327
35 13 828
35 14 201
35 15 614
35 16 582
35 17 563
35 18 216
35 19 820
35 20 844
35 21 111
35 22 704
35 23 706
35 24 597
35 25 954
35 26 199
35 27 928
35 28 540
35 29 528
35 30 532
35 31 438
35 32 336
35 33 652
35 34 567
35 36 439
35 37 444
35 38 793
35 39 361
35 40 736
35 41 326
35 42 960
35 43 328
35 44 767
35 45 1097
35 46 406
35 47 802
35 48 643
35 49 527
35 50 128
35 51 824
35 52 250
35 53 714
35 54 274
35 55 141
35 56 645
35 57 499
35 58 238
35 59 710
35 60 556
35 61 248
35 62 734
35 63 341
35 64 779
35 65 641
35 66 1017
35 67 762
35 68 755
35 69 838
35 70 575
35 71 597
35 72 280
35 73 383
35 74 831
35 75 387
35 76 638
35 77 989
35 78 608
35 79 422
35 80 697
35 81 433
35 82 1016
35 83 310
35 84 583
35 85 463
35 86 167
35 87 84
35 88 581
35 89 642
35 90 1280
35 91 541
35 92 813
35 93 118
35 94 241
35 95 995
35 96 607
35 97 604
35 98 479
35 99 748
35 100 539
35 101 107
36 0 959
36 1 457
36 2 864
36 3 434
36 4 1271
36 5 954
36 6 499
36 7 543
36 8 261
36 9 537
36 10 747
36 11 335
36 12 732
36 13 1267
36 14 282
36 15 175
36 16 145
36 17 126
36 18 539
36 19 383
36 20 407
36 21 328
36 22 1143
36 23 805
36 24 1036
36 25 639
36 26 636
36 27 515
36 28 979
36 29 965
36 30 95
36 31 877
36 32 429
36 33 693
36 34 1004
36 35 439
36 37 455
36 38 436
36 39 330
36 40 297
36 41 417
36 42 523
36 43 765
36 44 1004
36 45 660
36 46 415
36 47 363
36 48 204
36 49 478
36 50 565
36 51 387
36 52 597
36 53 1153
36 54 177
36 55 426
36 56 208
36 57 938
36 58 597
36 59 273
36 60 117
36 61 685
36 62 781
36 63 540
36 64 752
36 65 202
36 66 648
36 67 1201
36 68 1194
36 69 1277
36 70 424
36 71 1036
36 72 717
36 73 822
36 74 394
36 75 826
36 76 1077
36 77 722
36 78 1047
36 79 41
36 80 1136
36 81 870
36 82 579
36 83 451
36 84 400
36 85 76
36 86 606
36 87 521
36 88 1020
36 89 203
36 90 843
36 91 538
36 92 400
36 93 441
36 94 678
36 95 558
36 96 168
36 97 1043
36 98 124
36 99 309
36 100 978
36 101 546
37 0 504
37 1 450
37 2 871
37 3 427
37 4 816
37 5 961
37 6 96
37 7 502
37 8 200
37 9 420
37 10 740
37 11 328
37 12 277
37 13 812
37 14 243
37 15 630
37 16 522
37 17 419
37 18 546
37 19 376
37 20 400
37 21 333
37 22 688
37 23 350
37 24 581
37 25 510
37 26 643
37 27 484
37 28 524
37 29 972
37 30 382
37 31 654
37 32 436
37 33 238
37 34 1011
37 35 444
37 36 455
37 38 349
37 39 125
37 40 752
37 41 424
37 42 516
37 43 772
37 44 549
37 45 653
37 46 422
37 47 818
37 48 659
37 49 83
37 50 572
37 51 380
37 52 194
37 53 698
37 54 290
37 55 433
37 56 413
37 57 483
37 58 604
37 59 496
37 60 572
37 61 692
37 62 326
37 63 103
37 64 335
37 65 657
37 66 573
37 67 746
37 68 739
37 69 822
37 70 591
37 71 581
37 72 724
37 73 771
37 74 387
37 75 601
37 76 622
37 77 545
37 78 592
37 79 438
37 80 681
37 81 877
37 82 572
37 83 458
37 84 599
37 85 379
37 86 477
37 87 528
37 88 565
37 89 658
37 90 836
37 91 97
37 92 369
37 93 326
37 94 685
37 95 551
37 96 623
37 97 588
37 98 331
37 99 764
37 100 651
37 101 549
38 0 559
38 1 103
38 2 1220
38 3 160
38 4 835
38 5 1310
38 6 253
38 7 851
38 8 549
38 9 101
38 10 391
38 11 261
38 12 466
38 13 831
38 14 592
38 15 611
38 16 503
38 17 400
38 18 895
38 19 233
38 20 339
38 21 682
38 22 707
38 23 369
38 24 600
38 25 203
38 26 992
38 27 135
38 28 543
38 29 1321
38 30 363
38 31 1003
38 32 785
38 33 257
38 34 1360
38 35 793
38 36 436
38 37 349
38 39 432
38 40 733
38 41 773
38 42 219
38 43 1121
38 44 568
38 45 304
38 46 771
38 47 799
38 48 640
38 49 266
38 50 921
38 51 305
38 52 543
38 53 853
38 54 533
38 55 782
38 56 394
38 57 784
38 58 953
38 59 477
38 60 553
38 61 1041
38 62 345
38 63 452
38 64 316
38 65 638
38 66 224
38 67 765
38 68 758
38 69 841
38 70 780
38 71 686
38 72 1073
38 73 1120
38 74 50
38 75 950
38 76 769
38 77 286
38 78 611
38 79 419
38 80 762
38 81 1226
38 82 223
38 83 807
38 84 756
38 85 360
38 86 826
38 87 877
38 88 734
38 89 639
38 90 487
38 91 252
38 92 36
38 93 675
38 94 1034
38 95 202
38 96 604
38 97 781
38 98 314
38 99 745
38 100 1000
38 101 898
39 0 629
39 1 533
39 2 788
39 3 510
39 4 941
39 5 878
39 6 179
39 7 419
39 8 117
39 9 503
39 10 823
39 11 411
39 12 402
39 13 937
