nnodes narcs type
22 462 digraph
nodename posx posy
0 180 606
21 38 476
1 98 699
11 685 791
2 992 115
12 625 287
3 190 252
13 942 853
4 980 927
14 662 961
5 982 160
15 638 154
6 255 322
16 489 385
7 127 17
17 985 784
8 792 734
18 103 928
9 565 569
19 392 810
10 322 871
20 245 175
tail head weight
0 1 175
0 2 1303
0 3 364
0 4 1121
0 5 1248
0 6 359
0 7 642
0 8 740
0 9 422
0 10 407
0 11 690
0 12 764
0 13 1009
0 14 837
0 15 910
0 16 530
0 17 983
0 18 399
0 19 416
0 20 496
0 21 272
1 0 175
1 2 1478
1 3 539
1 4 1110
1 5 1423
1 6 534
1 7 711
1 8 729
1 9 597
1 10 396
1 11 679
1 12 939
1 13 998
1 14 826
1 15 1085
1 16 705
1 17 972
1 18 234
1 19 405
1 20 671
1 21 283
2 0 1303
2 1 1478
2 3 939
2 4 824
2 5 55
2 6 944
2 7 963
2 8 819
2 9 881
2 10 1426
2 11 983
2 12 539
2 13 788
2 14 1176
2 15 393
2 16 773
2 17 676
2 18 1702
2 19 1295
2 20 807
2 21 1315
3 0 364
3 1 539
3 2 939
3 4 1465
3 5 884
3 6 135
3 7 298
3 8 1084
3 9 692
3 10 751
3 11 1034
3 12 470
3 13 1353
3 14 1181
3 15 546
3 16 432
3 17 1327
3 18 763
3 19 760
3 20 132
3 21 376
4 0 1121
4 1 1110
4 2 824
4 3 1465
4 5 769
4 6 1330
4 7 1763
4 8 381
4 9 773
4 10 714
4 11 431
4 12 995
4 13 112
4 14 352
4 15 1115
4 16 1033
4 17 148
4 18 878
4 19 705
4 20 1487
4 21 1393
5 0 1248
5 1 1423
5 2 55
5 3 884
5 4 769
5 6 889
5 7 998
5 8 764
5 9 826
5 10 1371
5 11 928
5 12 484
5 13 733
5 14 1121
5 15 350
5 16 718
5 17 627
5 18 1647
5 19 1240
5 20 752
5 21 1260
6 0 359
6 1 534
6 2 944
6 3 135
6 4 1330
6 5 889
6 7 433
6 8 949
6 9 557
6 10 616
6 11 899
6 12 405
6 13 1218
6 14 1046
6 15 551
6 16 297
6 17 1192
6 18 758
6 19 625
6 20 157
6 21 371
7 0 642
7 1 711
7 2 963
7 3 298
7 4 1763
7 5 998
7 6 433
7 8 1382
7 9 990
7 10 1049
7 11 1332
7 12 768
7 13 1651
7 14 1479
7 15 648
7 16 730
7 17 1625
7 18 935
7 19 1058
7 20 276
7 21 548
8 0 740
8 1 729
8 2 819
8 3 1084
8 4 381
8 5 764
8 6 949
8 7 1382
8 9 392
8 10 607
8 11 164
8 12 614
8 13 269
8 14 357
8 15 734
8 16 652
8 17 243
8 18 883
8 19 476
8 20 1106
8 21 1012
9 0 422
9 1 597
9 2 881
9 3 692
9 4 773
9 5 826
9 6 557
9 7 990
9 8 392
9 10 545
9 11 342
9 12 342
9 13 661
9 14 489
9 15 488
9 16 260
9 17 635
9 18 821
9 19 414
9 20 714
9 21 620
10 0 407
10 1 396
10 2 1426
10 3 751
10 4 714
10 5 1371
10 6 616
10 7 1049
10 8 607
10 9 545
10 11 443
10 12 887
10 13 638
10 14 430
10 15 1033
10 16 653
10 17 750
10 18 276
10 19 131
10 20 773
10 21 679
11 0 690
11 1 679
11 2 983
11 3 1034
11 4 431
11 5 928
11 6 899
11 7 1332
11 8 164
11 9 342
11 10 443
11 12 564
11 13 319
11 14 193
11 15 684
11 16 602
11 17 307
11 18 719
11 19 312
11 20 1056
11 21 962
12 0 764
12 1 939
12 2 539
12 3 470
12 4 995
12 5 484
12 6 405
12 7 768
12 8 614
12 9 342
12 10 887
12 11 564
12 13 883
12 14 711
12 15 146
12 16 234
12 17 857
12 18 1163
12 19 756
12 20 492
12 21 776
13 0 1009
13 1 998
13 2 788
13 3 1353
13 4 112
13 5 733
13 6 1218
13 7 1651
13 8 269
13 9 661
13 10 638
13 11 319
13 12 883
13 14 388
13 15 1003
13 16 921
13 17 112
13 18 914
13 19 593
13 20 1375
13 21 1281
14 0 837
14 1 826
14 2 1176
14 3 1181
14 4 352
14 5 1121
14 6 1046
14 7 1479
14 8 357
14 9 489
14 10 430
14 11 193
14 12 711
14 13 388
14 15 831
14 16 749
14 17 500
14 18 592
14 19 421
14 20 1203
14 21 1109
15 0 910
15 1 1085
15 2 393
15 3 546
15 4 1115
15 5 350
15 6 551
15 7 648
15 8 734
15 9 488
15 10 1033
15 11 684
15 12 146
15 13 1003
15 14 831
15 16 380
15 17 977
15 18 1309
15 19 902
15 20 414
15 21 922
16 0 530
16 1 705
16 2 773
16 3 432
16 4 1033
16 5 718
16 6 297
16 7 730
16 8 652
16 9 260
16 10 653
16 11 602
16 12 234
16 13 921
16 14 749
16 15 380
16 17 895
16 18 929
16 19 522
16 20 454
16 21 542
17 0 983
17 1 972
17 2 676
17 3 1327
17 4 148
17 5 627
17 6 1192
17 7 1625
17 8 243
17 9 635
17 10 750
17 11 307
17 12 857
17 13 112
17 14 500
17 15 977
17 16 895
17 18 1026
17 19 619
17 20 1349
17 21 1255
18 0 399
18 1 234
18 2 1702
18 3 763
18 4 878
18 5 1647
18 6 758
18 7 935
18 8 883
18 9 821
18 10 276
18 11 719
18 12 1163
18 13 914
18 14 592
18 15 1309
18 16 929
18 17 1026
18 19 407
18 20 895
18 21 517
19 0 416
19 1 405
19 2 1295
19 3 760
19 4 705
19 5 1240
19 6 625
19 7 1058
19 8 476
19 9 414
19 10 131
19 11 312
19 12 756
19 13 593
19 14 421
19 15 902
19 16 522
19 17 619
19 18 407
19 20 782
19 21 688
20 0 496
20 1 671
20 2 807
20 3 132
20 4 1487
20 5 752
20 6 157
20 7 276
20 8 1106
20 9 714
20 10 773
20 11 1056
20 12 492
20 13 1375
20 14 1203
20 15 414
20 16 454
20 17 1349
20 18 895
20 19 782
20 21 508
21 0 272
21 1 283
21 2 1315
21 3 376
21 4 1393
21 5 1260
21 6 371
21 7 548
21 8 1012
21 9 620
21 10 679
21 11 962
21 12 776
21 13 1281
21 14 1109
21 15 922
21 16 542
21 17 1255
21 18 517
21 19 688
21 20 508
