nnodes narcs type
32 992 digraph
nodename posx posy
0 492 74
31 143 884
1 412 375
16 866 872
2 419 728
17 797 272
3 276 760
18 880 61
4 675 393
19 595 879
5 868 456
20 728 341
6 919 191
21 396 698
7 738 688
22 18 176
8 98 547
23 611 395
9 977 998
24 444 232
10 95 663
25 914 75
11 662 189
26 264 454
12 735 36
27 795 717
13 779 368
28 734 383
14 694 524
29 563 850
15 278 216
30 505 366
tail head weight
0 1 301
0 2 654
0 3 686
0 4 319
0 5 382
0 6 427
0 7 614
0 8 473
0 9 924
0 10 589
0 11 170
0 12 243
0 13 294
0 14 450
0 15 214
0 16 798
0 17 305
0 18 388
0 19 805
0 20 267
0 21 624
0 22 474
0 23 321
0 24 158
0 25 422
0 26 380
0 27 643
0 28 309
0 29 776
0 30 292
0 31 810
1 0 301
1 2 353
1 3 385
1 4 263
1 5 456
1 6 507
1 7 326
1 8 314
1 9 623
1 10 317
1 11 250
1 12 339
1 13 367
1 14 282
1 15 159
1 16 497
1 17 385
1 18 468
1 19 504
1 20 316
1 21 323
1 22 394
1 23 199
1 24 143
1 25 502
1 26 148
1 27 383
1 28 322
1 29 475
1 30 93
1 31 509
2 0 654
2 1 353
2 3 143
2 4 335
2 5 449
2 6 537
2 7 319
2 8 321
2 9 558
2 10 324
2 11 539
2 12 692
2 13 360
2 14 275
2 15 512
2 16 447
2 17 456
2 18 667
2 19 176
2 20 387
2 21 30
2 22 552
2 23 333
2 24 496
2 25 653
2 26 274
2 27 376
2 28 345
2 29 144
2 30 362
2 31 276
3 0 686
3 1 385
3 2 143
3 4 399
3 5 592
3 6 643
3 7 462
3 8 213
3 9 701
3 10 181
3 11 571
3 12 724
3 13 503
3 14 418
3 15 544
3 16 590
3 17 521
3 18 699
3 19 319
3 20 452
3 21 120
3 22 584
3 23 365
3 24 528
3 25 685
3 26 306
3 27 519
3 28 458
3 29 287
3 30 394
3 31 133
4 0 319
4 1 263
4 2 335
4 3 399
4 5 193
4 6 244
4 7 295
4 8 577
4 9 605
4 10 580
4 11 204
4 12 357
4 13 104
4 14 131
4 15 397
4 16 479
4 17 122
4 18 332
4 19 486
4 20 53
4 21 305
4 22 657
4 23 64
4 24 231
4 25 318
4 26 411
4 27 324
4 28 59
4 29 457
4 30 170
4 31 532
5 0 382
5 1 456
5 2 449
5 3 592
5 4 193
5 6 265
5 7 232
5 8 770
5 9 542
5 10 773
5 11 267
5 12 420
5 13 89
5 14 174
5 15 590
5 16 416
5 17 184
5 18 395
5 19 423
5 20 140
5 21 472
5 22 850
5 23 257
5 24 424
5 25 381
5 26 604
5 27 261
5 28 134
5 29 394
5 30 363
5 31 725
6 0 427
6 1 507
6 2 537
6 3 643
6 4 244
6 5 265
6 7 497
6 8 821
6 9 807
6 10 824
6 11 257
6 12 184
6 13 177
6 14 333
6 15 641
6 16 681
6 17 122
6 18 130
6 19 688
6 20 191
6 21 523
6 22 901
6 23 308
6 24 475
6 25 116
6 26 655
6 27 526
6 28 192
6 29 659
6 30 414
6 31 776
7 0 614
7 1 326
7 2 319
7 3 462
7 4 295
7 5 232
7 6 497
7 8 640
7 9 310
7 10 643
7 11 499
7 12 652
7 13 320
7 14 164
7 15 472
7 16 184
7 17 416
7 18 627
7 19 191
7 20 347
7 21 342
7 22 720
7 23 293
7 24 456
7 25 613
7 26 474
7 27 57
7 28 305
7 29 175
7 30 322
7 31 595
8 0 473
8 1 314
8 2 321
8 3 213
8 4 577
8 5 770
8 6 821
8 7 640
8 9 879
8 10 116
8 11 564
8 12 637
8 13 681
8 14 596
8 15 331
8 16 768
8 17 699
8 18 782
8 19 497
8 20 630
8 21 298
8 22 371
8 23 513
8 24 346
8 25 816
8 26 166
8 27 697
8 28 636
8 29 465
8 30 407
8 31 337
9 0 924
9 1 623
9 2 558
9 3 701
9 4 605
9 5 542
9 6 807
9 7 310
9 8 879
9 10 882
9 11 809
9 12 962
9 13 630
9 14 474
9 15 782
9 16 126
9 17 726
9 18 937
9 19 382
9 20 657
9 21 581
9 22 959
9 23 603
9 24 766
9 25 923
9 26 713
9 27 281
9 28 615
9 29 414
9 30 632
9 31 834
10 0 589
10 1 317
10 2 324
10 3 181
10 4 580
10 5 773
10 6 824
10 7 643
10 8 116
10 9 882
10 11 567
10 12 640
10 13 684
10 14 599
10 15 447
10 16 771
10 17 702
10 18 785
10 19 500
10 20 633
10 21 301
10 22 487
10 23 516
10 24 431
10 25 819
10 26 209
10 27 700
10 28 639
10 29 468
10 30 410
10 31 221
11 0 170
11 1 250
11 2 539
11 3 571
11 4 204
11 5 267
11 6 257
11 7 499
11 8 564
11 9 809
11 10 567
11 12 153
11 13 179
11 14 335
11 15 384
11 16 683
11 17 135
11 18 218
11 19 690
11 20 152
11 21 509
11 22 644
11 23 206
11 24 218
11 25 252
11 26 398
11 27 528
11 28 194
11 29 661
11 30 177
11 31 695
12 0 243
12 1 339
12 2 692
12 3 724
12 4 357
12 5 420
12 6 184
12 7 652
12 8 637
12 9 962
12 10 640
12 11 153
12 13 332
12 14 488
12 15 457
12 16 836
12 17 236
12 18 145
12 19 843
12 20 305
12 21 662
12 22 717
12 23 359
12 24 291
12 25 179
12 26 471
12 27 681
12 28 347
12 29 814
12 30 330
12 31 848
13 0 294
13 1 367
13 2 360
13 3 503
13 4 104
13 5 89
13 6 177
13 7 320
13 8 681
13 9 630
13 10 684
13 11 179
13 12 332
13 14 156
13 15 501
13 16 504
13 17 96
13 18 307
13 19 511
13 20 51
13 21 383
13 22 761
13 23 168
13 24 335
13 25 293
13 26 515
13 27 349
13 28 45
13 29 482
13 30 274
13 31 636
14 0 450
14 1 282
14 2 275
14 3 418
14 4 131
14 5 174
14 6 333
14 7 164
14 8 596
14 9 474
14 10 599
14 11 335
14 12 488
14 13 156
14 15 416
14 16 348
14 17 252
14 18 463
14 19 355
14 20 183
14 21 298
14 22 676
14 23 129
14 24 292
14 25 449
14 26 430
14 27 193
14 28 141
14 29 326
14 30 189
14 31 551
15 0 214
15 1 159
15 2 512
15 3 544
15 4 397
15 5 590
15 6 641
15 7 472
15 8 331
15 9 782
15 10 447
15 11 384
15 12 457
15 13 501
15 14 416
15 16 656
15 17 519
15 18 602
15 19 663
15 20 450
15 21 482
15 22 260
15 23 333
15 24 166
15 25 636
15 26 238
15 27 517
15 28 456
15 29 634
15 30 227
15 31 668
16 0 798
16 1 497
16 2 447
16 3 590
16 4 479
16 5 416
16 6 681
16 7 184
16 8 768
16 9 126
16 10 771
16 11 683
16 12 836
16 13 504
16 14 348
16 15 656
16 17 600
16 18 811
16 19 271
16 20 531
16 21 470
16 22 848
16 23 477
16 24 640
16 25 797
16 26 602
16 27 155
16 28 489
16 29 303
16 30 506
16 31 723
17 0 305
17 1 385
17 2 456
17 3 521
17 4 122
17 5 184
17 6 122
17 7 416
17 8 699
17 9 726
17 10 702
17 11 135
17 12 236
17 13 96
17 14 252
17 15 519
17 16 600
17 18 211
17 19 607
17 20 69
17 21 426
17 22 779
17 23 186
17 24 353
17 25 197
17 26 533
17 27 445
17 28 111
17 29 578
17 30 292
17 31 654
18 0 388
18 1 468
18 2 667
18 3 699
18 4 332
18 5 395
18 6 130
18 7 627
18 8 782
18 9 937
18 10 785
18 11 218
18 12 145
18 13 307
18 14 463
18 15 602
18 16 811
18 17 211
18 19 818
18 20 280
18 21 637
18 22 862
18 23 334
18 24 436
18 25 34
18 26 616
18 27 656
18 28 322
18 29 789
18 30 375
18 31 823
19 0 805
19 1 504
19 2 176
19 3 319
19 4 486
19 5 423
19 6 688
19 7 191
19 8 497
19 9 382
19 10 500
19 11 690
19 12 843
19 13 511
19 14 355
19 15 663
19 16 271
19 17 607
19 18 818
19 20 538
19 21 199
19 22 703
19 23 484
19 24 647
19 25 804
19 26 425
19 27 200
19 28 496
19 29 32
19 30 513
19 31 452
20 0 267
20 1 316
20 2 387
20 3 452
20 4 53
20 5 140
20 6 191
20 7 347
20 8 630
20 9 657
20 10 633
20 11 152
20 12 305
20 13 51
20 14 183
20 15 450
20 16 531
20 17 69
20 18 280
20 19 538
20 21 357
20 22 710
20 23 117
20 24 284
20 25 266
20 26 464
20 27 376
20 28 42
20 29 509
20 30 223
20 31 585
21 0 624
21 1 323
21 2 30
21 3 120
21 4 305
21 5 472
21 6 523
21 7 342
21 8 298
21 9 581
21 10 301
21 11 509
21 12 662
21 13 383
21 14 298
21 15 482
21 16 470
21 17 426
21 18 637
21 19 199
21 20 357
21 22 522
21 23 303
21 24 466
21 25 623
21 26 244
21 27 399
21 28 338
21 29 167
21 30 332
21 31 253
22 0 474
22 1 394
22 2 552
22 3 584
22 4 657
22 5 850
22 6 901
22 7 720
22 8 371
22 9 959
22 10 487
22 11 644
22 12 717
22 13 761
22 14 676
22 15 260
22 16 848
22 17 779
22 18 862
22 19 703
22 20 710
22 21 522
22 23 593
22 24 426
22 25 896
22 26 278
22 27 777
22 28 716
22 29 674
22 30 487
22 31 708
23 0 321
23 1 199
23 2 333
23 3 365
23 4 64
23 5 257
23 6 308
23 7 293
23 8 513
23 9 603
23 10 516
23 11 206
23 12 359
23 13 168
23 14 129
23 15 333
23 16 477
23 17 186
23 18 334
23 19 484
23 20 117
23 21 303
23 22 593
23 24 167
23 25 320
23 26 347
23 27 322
23 28 123
23 29 455
23 30 106
23 31 489
24 0 158
24 1 143
24 2 496
24 3 528
24 4 231
24 5 424
24 6 475
24 7 456
24 8 346
24 9 766
24 10 431
24 11 218
24 12 291
24 13 335
24 14 292
24 15 166
24 16 640
24 17 353
24 18 436
24 19 647
24 20 284
24 21 466
24 22 426
24 23 167
24 25 470
24 26 222
24 27 485
24 28 290
24 29 618
24 30 134
24 31 652
25 0 422
25 1 502
25 2 653
25 3 685
25 4 318
25 5 381
25 6 116
25 7 613
25 8 816
25 9 923
25 10 819
25 11 252
25 12 179
25 13 293
25 14 449
25 15 636
25 16 797
25 17 197
25 18 34
25 19 804
25 20 266
25 21 623
25 22 896
25 23 320
25 24 470
25 26 650
25 27 642
25 28 308
25 29 775
25 30 409
25 31 809
26 0 380
26 1 148
26 2 274
26 3 306
26 4 411
26 5 604
26 6 655
26 7 474
26 8 166
26 9 713
26 10 209
26 11 398
26 12 471
26 13 515
26 14 430
26 15 238
26 16 602
26 17 533
26 18 616
26 19 425
26 20 464
26 21 244
26 22 278
26 23 347
26 24 222
26 25 650
26 27 531
26 28 470
26 29 396
26 30 241
26 31 430
27 0 643
27 1 383
27 2 376
27 3 519
27 4 324
27 5 261
27 6 526
27 7 57
27 8 697
27 9 281
27 10 700
27 11 528
27 12 681
27 13 349
27 14 193
27 15 517
27 16 155
27 17 445
27 18 656
27 19 200
27 20 376
27 21 399
27 22 777
27 23 322
27 24 485
27 25 642
27 26 531
27 28 334
27 29 232
27 30 351
27 31 652
28 0 309
28 1 322
28 2 345
28 3 458
28 4 59
28 5 134
28 6 192
28 7 305
28 8 636
28 9 615
28 10 639
28 11 194
28 12 347
28 13 45
28 14 141
28 15 456
28 16 489
28 17 111
28 18 322
28 19 496
28 20 42
28 21 338
28 22 716
28 23 123
28 24 290
28 25 308
28 26 470
28 27 334
28 29 467
28 30 229
28 31 591
29 0 776
29 1 475
29 2 144
29 3 287
29 4 457
29 5 394
29 6 659
29 7 175
29 8 465
29 9 414
29 10 468
29 11 661
29 12 814
29 13 482
29 14 326
29 15 634
29 16 303
29 17 578
29 18 789
29 19 32
29 20 509
29 21 167
29 22 674
29 23 455
29 24 618
29 25 775
29 26 396
29 27 232
29 28 467
29 30 484
29 31 420
30 0 292
30 1 93
30 2 362
30 3 394
30 4 170
30 5 363
30 6 414
30 7 322
30 8 407
30 9 632
30 10 410
30 11 177
30 12 330
30 13 274
30 14 189
30 15 227
30 16 506
30 17 292
30 18 375
30 19 513
30 20 223
30 21 332
30 22 487
30 23 106
30 24 134
30 25 409
30 26 241
30 27 351
30 28 229
30 29 484
30 31 518
31 0 810
31 1 509
31 2 276
31 3 133
31 4 532
31 5 725
31 6 776
31 7 595
31 8 337
31 9 834
31 10 221
31 11 695
31 12 848
31 13 636
31 14 551
31 15 668
31 16 723
31 17 654
31 18 823
31 19 452
31 20 585
31 21 253
31 22 708
31 23 489
31 24 652
31 25 809
31 26 430
31 27 652
31 28 591
31 29 420
31 30 518
