nnodes narcs type
22 462 digraph
nodename posx posy
0 837 782
21 790 126
1 53 443
11 819 655
2 612 992
12 268 369
3 263 52
13 635 105
4 571 619
14 669 658
5 4 102
15 656 119
6 195 773
16 830 786
7 876 991
17 603 57
8 883 349
18 950 345
9 46 866
19 740 473
10 822 935
20 116 829
tail head weight
0 1 784
0 2 225
0 3 730
0 4 266
0 5 833
0 6 642
0 7 209
0 8 433
0 9 791
0 10 153
0 11 127
0 12 569
0 13 677
0 14 168
0 15 663
0 16 7
0 17 725
0 18 437
0 19 309
0 20 721
0 21 656
1 0 784
1 2 559
1 3 391
1 4 518
1 5 341
1 6 330
1 7 823
1 8 830
1 9 423
1 10 769
1 11 766
1 12 215
1 13 582
1 14 616
1 15 603
1 16 777
1 17 550
1 18 897
1 19 687
1 20 386
1 21 737
2 0 225
2 1 559
2 3 940
2 4 373
2 5 890
2 6 417
2 7 264
2 8 643
2 9 566
2 10 210
2 11 337
2 12 623
2 13 887
2 14 334
2 15 873
2 16 218
2 17 935
2 18 647
2 19 519
2 20 496
2 21 866
3 0 730
3 1 391
3 2 940
3 4 567
3 5 259
3 6 721
3 7 939
3 8 620
3 9 814
3 10 883
3 11 603
3 12 317
3 13 372
3 14 606
3 15 393
3 16 734
3 17 340
3 18 687
3 19 477
3 20 777
3 21 527
4 0 266
4 1 518
4 2 373
4 3 567
4 5 567
4 6 376
4 7 372
4 8 312
4 9 525
4 10 316
4 11 248
4 12 303
4 13 514
4 14 98
4 15 500
4 16 259
4 17 562
4 18 379
4 19 169
4 20 455
4 21 493
5 0 833
5 1 341
5 2 890
5 3 259
5 4 567
5 6 671
5 7 889
5 8 879
5 9 764
5 10 833
5 11 815
5 12 267
5 13 631
5 14 665
5 15 652
5 16 826
5 17 599
5 18 946
5 19 736
5 20 727
5 21 786
6 0 642
6 1 330
6 2 417
6 3 721
6 4 376
6 5 671
6 7 681
6 8 688
6 9 149
6 10 627
6 11 624
6 12 404
6 13 668
6 14 474
6 15 654
6 16 635
6 17 716
6 18 755
6 19 545
6 20 79
6 21 647
7 0 209
7 1 823
7 2 264
7 3 939
7 4 372
7 5 889
7 6 681
7 8 642
7 9 830
7 10 56
7 11 336
7 12 622
7 13 886
7 14 333
7 15 872
7 16 205
7 17 934
7 18 646
7 19 518
7 20 760
7 21 865
8 0 433
8 1 830
8 2 643
8 3 620
8 4 312
8 5 879
8 6 688
8 7 642
8 9 837
8 10 586
8 11 306
8 12 615
8 13 248
8 14 309
8 15 230
8 16 437
8 17 292
8 18 67
8 19 143
8 20 767
8 21 223
9 0 791
9 1 423
9 2 566
9 3 814
9 4 525
9 5 764
9 6 149
9 7 830
9 8 837
9 10 776
9 11 773
9 12 497
9 13 761
9 14 623
9 15 747
9 16 784
9 17 809
9 18 904
9 19 694
9 20 70
9 21 744
10 0 153
10 1 769
10 2 210
10 3 883
10 4 316
10 5 833
10 6 627
10 7 56
10 8 586
10 9 776
10 11 280
10 12 566
10 13 830
10 14 277
10 15 816
10 16 149
10 17 878
10 18 590
10 19 462
10 20 706
10 21 809
11 0 127
11 1 766
11 2 337
11 3 603
11 4 248
11 5 815
11 6 624
11 7 336
11 8 306
11 9 773
11 10 280
11 12 551
11 13 550
11 14 150
11 15 536
11 16 131
11 17 598
11 18 310
11 19 182
11 20 703
11 21 529
12 0 569
12 1 215
12 2 623
12 3 317
12 4 303
12 5 267
12 6 404
12 7 622
12 8 615
12 9 497
12 10 566
12 11 551
12 13 367
12 14 401
12 15 388
12 16 562
12 17 335
12 18 682
12 19 472
12 20 460
12 21 522
13 0 677
13 1 582
13 2 887
13 3 372
13 4 514
13 5 631
13 6 668
13 7 886
13 8 248
13 9 761
13 10 830
13 11 550
13 12 367
13 14 553
13 15 21
13 16 681
13 17 48
13 18 315
13 19 368
13 20 724
13 21 155
14 0 168
14 1 616
14 2 334
14 3 606
14 4 98
14 5 665
14 6 474
14 7 333
14 8 309
14 9 623
14 10 277
14 11 150
14 12 401
14 13 553
14 15 539
14 16 161
14 17 601
14 18 313
14 19 185
14 20 553
14 21 532
15 0 663
15 1 603
15 2 873
15 3 393
15 4 500
15 5 652
15 6 654
15 7 872
15 8 230
15 9 747
15 10 816
15 11 536
15 12 388
15 13 21
15 14 539
15 16 667
15 17 62
15 18 294
15 19 354
15 20 710
15 21 134
16 0 7
16 1 777
16 2 218
16 3 734
16 4 259
16 5 826
16 6 635
16 7 205
16 8 437
16 9 784
16 10 149
16 11 131
16 12 562
16 13 681
16 14 161
16 15 667
16 17 729
16 18 441
16 19 313
16 20 714
16 21 660
17 0 725
17 1 550
17 2 935
17 3 340
17 4 562
17 5 599
17 6 716
17 7 934
17 8 292
17 9 809
17 10 878
17 11 598
17 12 335
17 13 48
17 14 601
17 15 62
17 16 729
17 18 347
17 19 416
17 20 772
17 21 187
18 0 437
18 1 897
18 2 647
18 3 687
18 4 379
18 5 946
18 6 755
18 7 646
18 8 67
18 9 904
18 10 590
18 11 310
18 12 682
18 13 315
18 14 313
18 15 294
18 16 441
18 17 347
18 19 210
18 20 834
18 21 219
19 0 309
19 1 687
19 2 519
19 3 477
19 4 169
19 5 736
19 6 545
19 7 518
19 8 143
19 9 694
19 10 462
19 11 182
19 12 472
19 13 368
19 14 185
19 15 354
19 16 313
19 17 416
19 18 210
19 20 624
19 21 347
20 0 721
20 1 386
20 2 496
20 3 777
20 4 455
20 5 727
20 6 79
20 7 760
20 8 767
20 9 70
20 10 706
20 11 703
20 12 460
20 13 724
20 14 553
20 15 710
20 16 714
20 17 772
20 18 834
20 19 624
20 21 703
21 0 656
21 1 737
21 2 866
21 3 527
21 4 493
21 5 786
21 6 647
21 7 865
21 8 223
21 9 744
21 10 809
21 11 529
21 12 522
21 13 155
21 14 532
21 15 134
21 16 660
21 17 187
21 18 219
21 19 347
21 20 703
