nnodes narcs type
102 10302 digraph
nodename posx posy
0 531 260
101 710 400
1 804 933
51 295 10
2 255 733
52 511 675
3 904 225
53 112 186
4 52 939
54 806 743
5 866 499
55 226 309
6 505 853
56 97 54
7 363 279
57 622 663
8 592 713
58 757 405
9 157 631
59 68 311
10 58 726
60 288 761
11 127 735
61 547 750
12 720 881
62 147 466
13 114 208
63 738 243
14 525 520
64 490 848
15 551 961
65 957 506
16 236 280
66 364 481
17 358 200
67 200 153
18 757 277
68 449 500
19 234 493
69 72 712
20 3 665
70 295 16
21 441 28
71 640 216
22 108 609
72 60 938
23 726 804
73 615 41
24 74 837
74 24 38
25 145 127
75 802 130
26 852 41
76 497 228
27 355 40
77 107 171
28 933 33
78 434 477
29 16 676
79 101 865
30 152 997
80 523 274
31 377 587
81 612 43
32 598 628
82 954 816
33 873 341
83 956 16
34 980 26
84 329 568
35 824 286
85 822 496
36 645 730
86 814 11
37 167 609
87 317 591
38 267 748
88 215 338
39 820 454
89 775 990
40 905 684
90 660 80
41 400 921
91 726 484
42 980 475
92 373 975
43 701 633
93 709 199
44 557 575
94 536 465
45 129 821
95 88 267
46 362 704
96 654 570
47 818 692
97 921 488
48 291 370
98 876 537
49 793 28
99 46 287
50 148 778
100 777 15
tail head weight
0 1 673
0 2 473
0 3 373
0 4 679
0 5 335
0 6 593
0 7 168
0 8 453
0 9 374
0 10 473
0 11 475
0 12 621
0 13 417
0 14 260
0 15 701
0 16 295
0 17 173
0 18 226
0 19 297
0 20 528
0 21 232
0 22 423
0 23 544
0 24 577
0 25 386
0 26 321
0 27 220
0 28 402
0 29 515
0 30 737
0 31 327
0 32 368
0 33 342
0 34 449
0 35 293
0 36 470
0 37 364
0 38 488
0 39 289
0 40 424
0 41 661
0 42 449
0 43 373
0 44 315
0 45 561
0 46 444
0 47 432
0 48 240
0 49 262
0 50 518
0 51 250
0 52 415
0 53 419
0 54 483
0 55 305
0 56 434
0 57 403
0 58 226
0 59 463
0 60 501
0 61 490
0 62 384
0 63 207
0 64 588
0 65 426
0 66 221
0 67 331
0 68 240
0 69 459
0 70 244
0 71 109
0 72 678
0 73 219
0 74 507
0 75 271
0 76 34
0 77 424
0 78 217
0 79 605
0 80 14
0 81 217
0 82 556
0 83 425
0 84 308
0 85 291
0 86 283
0 87 331
0 88 316
0 89 730
0 90 180
0 91 224
0 92 715
0 93 178
0 94 205
0 95 443
0 96 310
0 97 390
0 98 345
0 99 485
0 100 246
0 101 179
1 0 673
1 2 549
1 3 708
1 4 752
1 5 434
1 6 299
1 7 654
1 8 220
1 9 647
1 10 746
1 11 677
1 12 84
1 13 725
1 14 413
1 15 253
1 16 653
1 17 733
1 18 656
1 19 570
1 20 801
1 21 905
1 22 696
1 23 129
1 24 730
1 25 806
1 26 892
1 27 893
1 28 900
1 29 788
1 30 652
1 31 427
1 32 305
1 33 592
1 34 907
1 35 647
1 36 203
1 37 637
1 38 537
1 39 479
1 40 249
1 41 404
1 42 458
1 43 300
1 44 358
1 45 675
1 46 442
1 47 241
1 48 563
1 49 905
1 50 656
1 51 923
1 52 293
1 53 747
1 54 190
1 55 624
1 56 879
1 57 270
1 58 528
1 59 736
1 60 516
1 61 257
1 62 657
1 63 690
1 64 314
1 65 427
1 66 452
1 67 780
1 68 433
1 69 732
1 70 917
1 71 717
1 72 744
1 73 892
1 74 895
1 75 803
1 76 705
1 77 762
1 78 456
1 79 703
1 80 659
1 81 890
1 82 150
1 83 917
1 84 475
1 85 437
1 86 922
1 87 487
1 88 595
1 89 57
1 90 853
1 91 449
1 92 431
1 93 734
1 94 468
1 95 716
1 96 363
1 97 445
1 98 396
1 99 758
1 100 918
1 101 533
2 0 473
2 1 549
2 3 649
2 4 206
2 5 611
2 6 250
2 7 454
2 8 337
2 9 102
2 10 197
2 11 128
2 12 465
2 13 525
2 14 270
2 15 296
2 16 453
2 17 533
2 18 502
2 19 240
2 20 252
2 21 705
2 22 147
2 23 471
2 24 181
2 25 606
2 26 692
2 27 693
2 28 700
2 29 239
2 30 264
2 31 146
2 32 343
2 33 618
2 34 725
2 35 569
2 36 390
2 37 124
2 38 15
2 39 565
2 40 650
2 41 188
2 42 725
2 43 446
2 44 302
2 45 126
2 46 107
2 47 563
2 48 363
2 49 705
2 50 107
2 51 723
2 52 256
2 53 547
2 54 551
2 55 424
2 56 679
2 57 367
2 58 502
2 59 422
2 60 33
2 61 292
2 62 267
2 63 490
2 64 235
2 65 702
2 66 252
2 67 580
2 68 233
2 69 183
2 70 717
2 71 517
2 72 205
2 73 692
2 74 695
2 75 603
2 76 505
2 77 562
2 78 256
2 79 154
2 80 459
2 81 690
2 82 699
2 83 717
2 84 165
2 85 567
2 86 722
2 87 142
2 88 395
2 89 520
2 90 653
2 91 471
2 92 242
2 93 534
2 94 281
2 95 466
2 96 399
2 97 666
2 98 621
2 99 446
2 100 718
2 101 455
3 0 373
3 1 708
3 2 649
3 4 852
3 5 274
3 6 628
3 7 541
3 8 488
3 9 747
3 10 846
3 11 777
3 12 656
3 13 790
3 14 379
3 15 736
3 16 668
3 17 546
3 18 147
3 19 670
3 20 901
3 21 463
3 22 796
3 23 579
3 24 830
3 25 759
3 26 184
3 27 549
3 28 192
3 29 888
3 30 772
3 31 527
3 32 403
3 33 116
3 34 199
3 35 80
3 36 505
3 37 737
3 38 637
3 39 229
3 40 459
3 41 696
3 42 250
3 43 408
3 44 350
3 45 775
3 46 542
3 47 467
3 48 613
3 49 197
3 50 756
3 51 609
3 52 450
3 53 792
3 54 518
3 55 678
3 56 807
3 57 438
3 58 180
3 59 836
3 60 616
3 61 525
3 62 757
3 63 166
3 64 623
3 65 281
3 66 540
3 67 704
3 68 455
3 69 832
3 70 609
3 71 264
3 72 844
3 73 289
3 74 880
3 75 102
3 76 407
3 77 797
3 78 470
3 79 803
3 80 381
3 81 292
3 82 591
3 83 209
3 84 575
3 85 271
3 86 214
3 87 587
3 88 689
3 89 765
3 90 244
3 91 259
3 92 750
3 93 195
3 94 368
3 95 816
3 96 345
3 97 263
3 98 312
3 99 858
3 100 210
3 101 194
4 0 679
4 1 752
4 2 206
4 3 852
4 5 814
4 6 453
4 7 660
4 8 540
4 9 308
4 10 213
4 11 204
4 12 668
4 13 731
4 14 473
4 15 499
4 16 659
4 17 739
4 18 705
4 19 446
4 20 274
4 21 911
4 22 330
4 23 674
4 24 102
4 25 812
4 26 898
4 27 899
4 28 906
4 29 263
4 30 100
4 31 352
4 32 546
4 33 821
4 34 928
4 35 772
4 36 593
4 37 330
4 38 215
4 39 768
4 40 853
4 41 348
4 42 928
4 43 649
4 44 505
4 45 118
4 46 310
4 47 766
4 48 569
4 49 911
4 50 161
4 51 929
4 52 459
4 53 753
4 54 754
4 55 630
4 56 885
4 57 570
4 58 705
4 59 628
4 60 236
4 61 495
4 62 473
4 63 696
4 64 438
4 65 905
4 66 458
4 67 786
4 68 439
4 69 227
4 70 923
4 71 723
4 72 8
4 73 898
4 74 901
4 75 809
4 76 711
4 77 768
4 78 462
4 79 74
4 80 665
4 81 896
4 82 902
4 83 923
4 84 371
4 85 770
4 86 928
4 87 348
4 88 601
4 89 723
4 90 859
4 91 674
4 92 321
4 93 740
4 94 484
4 95 672
4 96 602
4 97 869
4 98 824
4 99 652
4 100 924
4 101 658
5 0 335
5 1 434
5 2 611
5 3 274
5 4 814
5 6 361
5 7 503
5 8 274
5 9 709
5 10 808
5 11 739
5 12 382
5 13 752
5 14 341
5 15 462
5 16 630
5 17 508
5 18 222
5 19 632
5 20 863
5 21 471
5 22 758
5 23 305
5 24 792
5 25 721
5 26 458
5 27 511
5 28 466
5 29 850
5 30 714
5 31 489
5 32 268
5 33 158
5 34 473
5 35 213
5 36 231
5 37 699
5 38 599
5 39 46
5 40 185
5 41 466
5 42 114
5 43 165
5 44 309
5 45 737
5 46 504
5 47 193
5 48 575
5 49 471
5 50 718
5 51 571
5 52 355
5 53 754
5 54 244
5 55 640
5 56 769
5 57 244
5 58 109
5 59 798
5 60 578
5 61 319
5 62 719
5 63 256
5 64 376
5 65 91
5 66 502
5 67 666
5 68 417
5 69 794
5 70 571
5 71 283
5 72 806
5 73 458
5 74 842
5 75 369
5 76 369
5 77 759
5 78 432
5 79 765
5 80 343
5 81 456
5 82 317
5 83 483
5 84 537
5 85 44
5 86 488
5 87 549
5 88 651
5 89 491
5 90 419
5 91 140
5 92 493
5 93 300
5 94 330
5 95 778
5 96 212
5 97 55
5 98 38
5 99 820
5 100 484
5 101 156
6 0 593
6 1 299
6 2 250
6 3 628
6 4 453
6 5 361
6 7 574
6 8 140
6 9 348
6 10 447
6 11 378
6 12 215
6 13 645
6 14 333
6 15 108
6 16 573
6 17 653
6 18 576
6 19 360
6 20 502
6 21 825
6 22 397
6 23 221
6 24 431
6 25 726
6 26 812
6 27 813
6 28 820
6 29 489
6 30 353
6 31 266
6 32 225
6 33 512
6 34 827
6 35 567
6 36 140
6 37 338
6 38 238
6 39 399
6 40 400
6 41 105
6 42 475
6 43 220
6 44 278
6 45 376
6 46 149
6 47 313
6 48 483
6 49 825
6 50 357
6 51 843
6 52 178
6 53 667
6 54 301
6 55 544
6 56 799
6 57 190
6 58 448
6 59 542
6 60 217
6 61 103
6 62 387
6 63 610
6 64 15
6 65 452
6 66 372
6 67 700
6 68 353
6 69 433
6 70 837
6 71 637
6 72 445
6 73 812
6 74 815
6 75 723
6 76 625
6 77 682
6 78 376
6 79 404
6 80 579
6 81 810
6 82 449
6 83 837
6 84 285
6 85 357
6 86 842
6 87 262
6 88 515
6 89 270
6 90 773
6 91 369
6 92 132
6 93 654
6 94 388
6 95 586
6 96 283
6 97 416
6 98 371
6 99 566
6 100 838
6 101 453
7 0 168
7 1 654
7 2 454
7 3 541
7 4 660
7 5 503
7 6 574
7 8 434
7 9 352
7 10 447
7 11 456
7 12 602
7 13 249
7 14 241
7 15 682
7 16 127
7 17 79
7 18 394
7 19 214
7 20 386
7 21 251
7 22 330
7 23 525
7 24 558
7 25 218
7 26 489
7 27 239
7 28 570
7 29 397
7 30 718
7 31 308
7 32 349
7 33 510
7 34 617
7 35 461
7 36 451
7 37 330
7 38 469
7 39 457
7 40 542
7 41 642
7 42 617
7 43 354
7 44 296
7 45 542
7 46 425
7 47 455
7 48 91
7 49 430
7 50 499
7 51 269
7 52 396
7 53 251
7 54 464
7 55 137
7 56 266
7 57 384
7 58 394
7 59 295
7 60 482
7 61 471
7 62 216
7 63 375
7 64 569
7 65 594
7 66 202
7 67 163
7 68 221
7 69 433
7 70 263
7 71 277
7 72 659
7 73 252
7 74 339
7 75 439
7 76 134
7 77 256
7 78 198
7 79 586
7 80 160
7 81 249
7 82 591
7 83 593
7 84 289
7 85 459
7 86 451
7 87 312
7 88 148
7 89 711
7 90 297
7 91 363
7 92 696
7 93 346
7 94 186
7 95 275
7 96 291
7 97 558
7 98 513
7 99 317
7 100 414
7 101 347
8 0 453
8 1 220
8 2 337
8 3 488
8 4 540
8 5 274
8 6 140
8 7 434
8 9 435
8 10 534
8 11 465
8 12 168
8 13 505
8 14 193
8 15 248
8 16 433
8 17 513
8 18 436
8 19 358
8 20 589
8 21 685
8 22 484
8 23 134
8 24 518
8 25 586
8 26 672
8 27 673
8 28 680
8 29 576
8 30 440
8 31 215
8 32 85
8 33 372
8 34 687
8 35 427
8 36 53
8 37 425
8 38 325
8 39 259
8 40 313
8 41 208
8 42 388
8 43 109
8 44 138
8 45 463
8 46 230
8 47 226
8 48 343
8 49 685
8 50 444
8 51 703
8 52 81
8 53 527
8 54 214
8 55 404
8 56 659
8 57 50
8 58 308
8 59 524
8 60 304
8 61 45
8 62 445
8 63 470
8 64 135
8 65 365
8 66 232
8 67 560
8 68 213
8 69 520
8 70 697
8 71 497
8 72 532
8 73 672
8 74 675
8 75 583
8 76 485
8 77 542
8 78 236
8 79 491
8 80 439
8 81 670
8 82 362
8 83 697
8 84 263
8 85 230
8 86 702
8 87 275
8 88 377
8 89 277
8 90 633
8 91 229
8 92 262
8 93 514
8 94 248
8 95 504
8 96 143
8 97 329
8 98 284
8 99 546
8 100 698
8 101 313
9 0 374
9 1 647
9 2 102
9 3 747
9 4 308
9 5 709
9 6 348
9 7 352
9 8 435
9 10 99
9 11 104
9 12 563
9 13 423
9 14 368
9 15 394
9 16 351
9 17 431
9 18 600
9 19 138
9 20 154
9 21 603
9 22 49
9 23 569
9 24 206
9 25 504
9 26 695
9 27 591
9 28 776
9 29 141
9 30 366
9 31 220
9 32 441
9 33 716
9 34 823
9 35 667
9 36 488
9 37 22
9 38 117
9 39 663
9 40 748
9 41 290
9 42 823
9 43 544
9 44 400
9 45 190
9 46 205
9 47 661
9 48 261
9 49 636
9 50 147
9 51 621
9 52 354
9 53 445
9 54 649
9 55 322
9 56 577
9 57 465
9 58 600
9 59 320
9 60 131
9 61 390
9 62 165
9 63 581
9 64 333
9 65 800
9 66 207
9 67 478
9 68 292
9 69 85
9 70 615
9 71 483
9 72 307
9 73 590
9 74 593
9 75 645
9 76 403
9 77 460
9 78 277
9 79 234
9 80 366
9 81 588
9 82 797
9 83 799
9 84 172
9 85 665
9 86 657
9 87 160
9 88 293
9 89 618
9 90 551
9 91 569
9 92 344
9 93 552
9 94 379
9 95 364
9 96 497
9 97 764
9 98 719
9 99 344
9 100 620
9 101 553
10 0 473
10 1 746
10 2 197
10 3 846
10 4 213
10 5 808
10 6 447
10 7 447
10 8 534
10 9 99
10 11 69
10 12 662
10 13 518
10 14 467
10 15 493
10 16 446
10 17 526
10 18 699
10 19 233
10 20 61
10 21 698
10 22 117
10 23 668
10 24 111
10 25 599
10 26 794
10 27 686
10 28 875
10 29 50
10 30 271
10 31 319
10 32 540
10 33 815
10 34 922
10 35 766
10 36 587
10 37 117
10 38 209
10 39 762
10 40 847
10 41 342
10 42 922
10 43 643
10 44 499
10 45 95
10 46 304
10 47 760
10 48 356
10 49 735
10 50 90
10 51 716
10 52 453
10 53 540
10 54 748
10 55 417
10 56 672
10 57 564
10 58 699
10 59 415
10 60 230
10 61 489
10 62 260
10 63 680
10 64 432
10 65 899
10 66 306
10 67 573
10 68 391
10 69 14
10 70 710
10 71 582
10 72 212
10 73 685
10 74 688
10 75 744
10 76 498
10 77 555
10 78 376
10 79 139
10 80 465
10 81 683
10 82 896
10 83 898
10 84 271
10 85 764
10 86 756
10 87 259
10 88 388
10 89 717
10 90 646
10 91 668
10 92 315
10 93 651
10 94 478
10 95 459
10 96 596
10 97 863
10 98 818
10 99 439
10 100 719
10 101 652
11 0 475
11 1 677
11 2 128
11 3 777
11 4 204
11 5 739
11 6 378
11 7 456
11 8 465
11 9 104
11 10 69
11 12 593
11 13 527
11 14 398
11 15 424
11 16 455
11 17 535
11 18 630
11 19 242
11 20 124
11 21 707
11 22 126
11 23 599
11 24 102
11 25 608
11 26 725
11 27 695
11 28 806
11 29 111
11 30 262
11 31 250
11 32 471
11 33 746
11 34 853
11 35 697
11 36 518
11 37 126
11 38 140
11 39 693
11 40 778
11 41 273
11 42 853
11 43 574
11 44 430
11 45 86
11 46 235
11 47 691
11 48 365
11 49 707
11 50 43
11 51 725
11 52 384
11 53 549
11 54 679
11 55 426
11 56 681
11 57 495
11 58 630
11 59 424
11 60 161
11 61 420
11 62 269
11 63 611
11 64 363
11 65 830
11 66 254
11 67 582
11 68 322
11 69 55
11 70 719
11 71 519
11 72 203
11 73 694
11 74 697
11 75 675
11 76 507
11 77 564
11 78 307
11 79 130
11 80 461
11 81 692
11 82 827
11 83 829
11 84 202
11 85 695
11 86 724
11 87 190
11 88 397
11 89 648
11 90 655
11 91 599
11 92 246
11 93 582
11 94 409
11 95 468
11 96 527
11 97 794
11 98 749
11 99 448
11 100 720
11 101 583
12 0 621
12 1 84
12 2 465
12 3 656
12 4 668
12 5 382
12 6 215
12 7 602
12 8 168
12 9 563
12 10 662
12 11 593
12 13 673
12 14 361
12 15 169
12 16 601
12 17 681
12 18 604
12 19 486
12 20 717
12 21 853
12 22 612
12 23 77
12 24 646
12 25 754
12 26 840
12 27 841
12 28 848
12 29 704
12 30 568
12 31 343
12 32 253
12 33 540
12 34 855
12 35 595
12 36 151
12 37 553
12 38 453
12 39 427
12 40 197
12 41 320
12 42 406
12 43 248
12 44 306
12 45 591
12 46 358
12 47 189
12 48 511
12 49 853
12 50 572
12 51 871
12 52 209
12 53 695
12 54 138
12 55 572
12 56 827
12 57 218
12 58 476
12 59 652
12 60 432
12 61 173
12 62 573
12 63 638
12 64 230
12 65 375
12 66 400
12 67 728
12 68 381
12 69 648
12 70 865
12 71 665
12 72 660
12 73 840
12 74 843
12 75 751
12 76 653
12 77 710
12 78 404
12 79 619
12 80 607
12 81 838
12 82 234
12 83 865
12 84 391
12 85 385
12 86 870
12 87 403
12 88 543
12 89 109
12 90 801
12 91 397
12 92 347
12 93 682
12 94 416
12 95 632
12 96 311
12 97 393
12 98 344
12 99 674
12 100 866
12 101 481
13 0 417
13 1 725
13 2 525
13 3 790
13 4 731
13 5 752
13 6 645
13 7 249
13 8 505
13 9 423
13 10 518
13 11 527
13 12 673
13 14 411
13 15 753
13 16 122
13 17 244
13 18 643
13 19 285
13 20 457
13 21 327
13 22 401
13 23 612
13 24 629
13 25 81
13 26 738
13 27 241
13 28 819
13 29 468
13 30 789
13 31 379
13 32 484
13 33 759
13 34 866
13 35 710
13 36 531
13 37 401
13 38 540
13 39 706
13 40 791
13 41 713
13 42 866
13 43 587
13 44 443
13 45 613
13 46 496
13 47 704
13 48 177
13 49 679
13 50 570
13 51 198
13 52 467
13 53 22
13 54 692
13 55 112
13 56 154
13 57 508
13 58 643
13 59 103
13 60 553
13 61 542
13 62 258
13 63 624
13 64 640
13 65 843
13 66 273
13 67 86
13 68 335
13 69 504
13 70 192
13 71 526
13 72 730
13 73 501
13 74 170
13 75 688
13 76 383
13 77 37
13 78 320
13 79 657
13 80 409
13 81 498
13 82 840
13 83 842
13 84 360
13 85 708
13 86 700
13 87 383
13 88 130
13 89 782
13 90 546
13 91 612
13 92 767
13 93 595
13 94 422
13 95 59
13 96 540
13 97 807
13 98 762
13 99 79
13 100 663
13 101 596
14 0 260
14 1 413
14 2 270
14 3 379
14 4 473
14 5 341
14 6 333
14 7 241
14 8 193
14 9 368
14 10 467
14 11 398
14 12 361
14 13 411
14 15 441
14 16 289
14 17 320
14 18 243
14 19 291
14 20 522
14 21 492
14 22 417
14 23 284
14 24 451
14 25 393
14 26 479
14 27 480
14 28 487
14 29 509
14 30 477
14 31 148
14 32 108
14 33 348
14 34 494
14 35 299
14 36 210
14 37 358
14 38 258
14 39 295
14 40 380
14 41 401
14 42 455
14 43 176
14 44 55
14 45 396
14 46 184
14 47 293
14 48 234
14 49 492
14 50 377
14 51 510
14 52 155
14 53 413
14 54 281
14 55 299
14 56 466
14 57 143
14 58 232
14 59 457
14 60 241
14 61 230
14 62 378
14 63 277
14 64 328
14 65 432
14 66 161
14 67 367
14 68 76
14 69 453
14 70 504
14 71 304
14 72 465
14 73 479
14 74 501
14 75 390
14 76 292
14 77 418
14 78 91
14 79 424
14 80 246
14 81 477
14 82 429
14 83 504
14 84 196
14 85 297
14 86 509
14 87 208
14 88 310
14 89 470
14 90 440
14 91 201
14 92 455
14 93 321
14 94 55
14 95 437
14 96 129
14 97 396
14 98 351
14 99 479
14 100 505
14 101 185
15 0 701
15 1 253
15 2 296
15 3 736
15 4 499
15 5 462
15 6 108
15 7 682
15 8 248
15 9 394
15 10 493
15 11 424
15 12 169
15 13 753
15 14 441
15 16 681
15 17 761
15 18 684
15 19 468
15 20 548
15 21 933
15 22 443
15 23 175
15 24 477
15 25 834
15 26 920
15 27 921
15 28 928
15 29 535
15 30 399
15 31 374
15 32 333
15 33 620
15 34 935
15 35 675
15 36 231
15 37 384
15 38 284
15 39 507
15 40 354
15 41 151
15 42 486
15 43 328
15 44 386
15 45 422
15 46 257
15 47 269
15 48 591
15 49 933
15 50 403
15 51 951
15 52 286
15 53 775
15 54 255
15 55 652
15 56 907
15 57 298
15 58 556
15 59 650
15 60 263
15 61 211
15 62 495
15 63 718
15 64 113
15 65 455
15 66 480
15 67 808
15 68 461
15 69 479
15 70 945
15 71 745
15 72 491
15 73 920
15 74 923
15 75 831
15 76 733
15 77 790
15 78 484
15 79 450
15 80 687
15 81 918
15 82 403
15 83 945
15 84 393
15 85 465
15 86 950
15 87 370
15 88 623
15 89 224
15 90 881
15 91 477
15 92 178
15 93 762
15 94 496
15 95 694
15 96 391
15 97 473
15 98 424
15 99 674
15 100 946
15 101 561
16 0 295
16 1 653
16 2 453
16 3 668
16 4 659
16 5 630
16 6 573
16 7 127
16 8 433
16 9 351
16 10 446
16 11 455
16 12 601
16 13 122
16 14 289
16 15 681
16 17 122
16 18 521
16 19 213
16 20 385
16 21 252
16 22 329
16 23 524
16 24 557
16 25 153
16 26 616
16 27 240
16 28 697
16 29 396
16 30 717
16 31 307
16 32 362
16 33 637
16 34 744
16 35 588
16 36 450
16 37 329
16 38 468
16 39 584
16 40 669
16 41 641
16 42 744
16 43 465
16 44 321
16 45 541
16 46 424
16 47 582
16 48 90
16 49 557
16 50 498
16 51 270
16 52 395
16 53 124
16 54 570
16 55 29
16 56 226
16 57 386
16 58 521
16 59 168
16 60 481
16 61 470
16 62 186
16 63 502
16 64 568
16 65 721
16 66 201
16 67 127
16 68 220
16 69 432
16 70 264
16 71 404
16 72 658
16 73 379
16 74 242
16 75 566
16 76 261
16 77 129
16 78 198
16 79 585
16 80 287
16 81 376
16 82 718
16 83 720
16 84 288
16 85 586
16 86 578
16 87 311
16 88 58
16 89 710
16 90 424
16 91 490
16 92 695
16 93 473
16 94 300
16 95 148
16 96 418
16 97 685
16 98 640
16 99 190
16 100 541
16 101 474
17 0 173
17 1 733
17 2 533
17 3 546
17 4 739
17 5 508
17 6 653
17 7 79
17 8 513
17 9 431
17 10 526
17 11 535
17 12 681
17 13 244
17 14 320
17 15 761
17 16 122
17 18 399
17 19 293
17 20 465
17 21 172
17 22 409
17 23 604
17 24 637
17 25 213
17 26 494
17 27 160
17 28 575
17 29 476
17 30 797
17 31 387
17 32 428
17 33 515
17 34 622
17 35 466
17 36 530
17 37 409
17 38 548
17 39 462
17 40 547
17 41 721
17 42 622
17 43 433
17 44 375
17 45 621
17 46 504
17 47 492
17 48 170
17 49 435
17 50 578
17 51 190
17 52 475
17 53 246
17 54 543
17 55 132
17 56 261
17 57 463
17 58 399
17 59 290
17 60 561
17 61 550
17 62 266
17 63 380
17 64 648
17 65 599
17 66 281
17 67 158
17 68 300
17 69 512
17 70 184
17 71 282
17 72 738
17 73 257
17 74 334
17 75 444
17 76 139
17 77 251
17 78 277
17 79 665
17 80 165
17 81 254
17 82 616
17 83 598
17 84 368
17 85 464
17 86 456
17 87 391
17 88 143
17 89 790
17 90 302
17 91 368
17 92 775
17 93 351
17 94 265
17 95 270
17 96 370
17 97 563
17 98 518
17 99 312
17 100 419
17 101 352
18 0 226
18 1 656
18 2 502
18 3 147
18 4 705
18 5 222
18 6 576
18 7 394
18 8 436
18 9 600
18 10 699
18 11 630
18 12 604
18 13 643
18 14 243
18 15 684
18 16 521
18 17 399
18 19 523
18 20 754
18 21 316
18 22 649
18 23 527
18 24 683
18 25 612
18 26 236
18 27 402
18 28 244
18 29 741
18 30 720
18 31 380
18 32 351
18 33 116
18 34 251
18 35 67
18 36 453
18 37 590
18 38 490
18 39 177
18 40 407
18 41 644
18 42 223
18 43 356
18 44 298
18 45 628
18 46 427
18 47 415
18 48 466
18 49 249
18 50 609
18 51 462
18 52 398
18 53 645
18 54 466
18 55 531
18 56 660
18 57 386
18 58 128
18 59 689
18 60 484
18 61 473
18 62 610
18 63 34
18 64 571
18 65 229
18 66 393
18 67 557
18 68 308
18 69 685
18 70 462
18 71 117
18 72 697
18 73 236
18 74 733
18 75 147
18 76 260
18 77 650
18 78 323
18 79 656
18 80 234
18 81 234
18 82 539
18 83 261
18 84 428
18 85 219
18 86 266
18 87 440
18 88 542
18 89 713
18 90 197
18 91 207
18 92 698
18 93 78
18 94 221
18 95 669
18 96 293
18 97 211
18 98 260
18 99 711
18 100 262
18 101 123
19 0 297
19 1 570
19 2 240
19 3 670
19 4 446
19 5 632
19 6 360
19 7 214
19 8 358
19 9 138
19 10 233
19 11 242
19 12 486
19 13 285
19 14 291
19 15 468
19 16 213
19 17 293
19 18 523
19 20 231
19 21 465
19 22 126
19 23 492
19 24 344
19 25 366
19 26 618
19 27 453
19 28 699
19 29 218
19 30 504
19 31 143
19 32 364
19 33 639
19 34 746
19 35 590
19 36 411
19 37 116
19 38 255
19 39 586
19 40 671
19 41 428
19 42 746
19 43 467
19 44 323
19 45 328
19 46 211
19 47 584
19 48 123
19 49 559
19 50 285
19 51 483
19 52 277
19 53 307
19 54 572
19 55 184
19 56 439
19 57 388
19 58 523
19 59 182
19 60 268
19 61 313
19 62 87
19 63 504
19 64 355
19 65 723
19 66 130
19 67 340
19 68 215
19 69 219
19 70 477
19 71 406
19 72 445
19 73 452
19 74 455
19 75 568
19 76 265
19 77 322
19 78 200
19 79 372
19 80 289
19 81 450
19 82 720
19 83 722
19 84 95
19 85 588
19 86 580
19 87 98
19 88 155
19 89 541
19 90 426
19 91 492
19 92 482
19 93 475
19 94 302
19 95 226
19 96 420
19 97 687
19 98 642
19 99 206
19 100 543
19 101 476
20 0 528
20 1 801
20 2 252
20 3 901
20 4 274
20 5 863
20 6 502
20 7 386
20 8 589
20 9 154
20 10 61
20 11 124
20 12 717
20 13 457
20 14 522
20 15 548
20 16 385
20 17 465
20 18 754
20 19 231
20 21 637
20 22 105
20 23 723
20 24 172
20 25 538
20 26 849
20 27 625
20 28 930
20 29 13
20 30 332
20 31 374
20 32 595
20 33 870
20 34 977
20 35 821
20 36 642
20 37 164
20 38 264
20 39 817
20 40 902
20 41 397
20 42 977
20 43 698
20 44 554
20 45 156
20 46 359
20 47 815
20 48 295
20 49 790
20 50 145
20 51 655
20 52 508
20 53 479
20 54 803
20 55 356
20 56 611
20 57 619
20 58 754
20 59 354
20 60 285
20 61 544
20 62 199
20 63 735
20 64 487
20 65 954
20 66 361
20 67 512
20 68 446
20 69 69
20 70 649
20 71 637
20 72 273
20 73 624
20 74 627
20 75 799
20 76 494
20 77 494
20 78 431
20 79 200
20 80 520
20 81 622
20 82 951
20 83 953
20 84 326
20 85 819
20 86 811
20 87 314
20 88 327
20 89 772
20 90 657
20 91 723
20 92 370
20 93 706
20 94 533
20 95 398
20 96 651
20 97 918
20 98 873
20 99 378
20 100 774
20 101 707
21 0 232
21 1 905
21 2 705
21 3 463
21 4 911
21 5 471
21 6 825
21 7 251
21 8 685
21 9 603
21 10 698
21 11 707
21 12 853
21 13 327
21 14 492
21 15 933
21 16 252
21 17 172
21 18 316
21 19 465
21 20 637
21 22 581
21 23 776
21 24 809
21 25 296
21 26 411
21 27 86
21 28 492
21 29 648
21 30 969
21 31 559
21 32 600
21 33 432
21 34 539
21 35 383
21 36 702
21 37 581
21 38 720
21 39 426
21 40 656
21 41 893
21 42 539
21 43 605
21 44 547
21 45 793
21 46 676
21 47 664
21 48 342
21 49 352
21 50 750
21 51 146
21 52 647
21 53 329
21 54 715
21 55 281
21 56 344
21 57 635
21 58 377
21 59 373
21 60 733
21 61 722
21 62 438
21 63 297
21 64 820
21 65 516
21 66 453
21 67 241
21 68 472
21 69 684
21 70 146
21 71 199
21 72 910
21 73 174
21 74 417
21 75 361
21 76 200
21 77 334
21 78 449
21 79 837
21 80 246
21 81 171
21 82 788
21 83 515
21 84 540
21 85 468
21 86 373
21 87 563
21 88 310
21 89 962
21 90 219
21 91 456
21 92 947
21 93 268
21 94 437
21 95 353
21 96 542
21 97 480
21 98 509
21 99 395
21 100 336
21 101 372
22 0 423
22 1 696
22 2 147
22 3 796
22 4 330
22 5 758
22 6 397
22 7 330
22 8 484
22 9 49
22 10 117
22 11 126
22 12 612
22 13 401
22 14 417
22 15 443
22 16 329
22 17 409
22 18 649
22 19 126
22 20 105
22 21 581
22 23 618
22 24 228
22 25 482
22 26 744
22 27 569
22 28 825
22 29 92
22 30 388
22 31 269
22 32 490
22 33 765
22 34 872
22 35 716
22 36 537
22 37 59
22 38 159
22 39 712
22 40 797
22 41 312
22 42 872
22 43 593
22 44 449
22 45 212
22 46 254
22 47 710
22 48 239
22 49 685
22 50 169
22 51 599
22 52 403
22 53 423
22 54 698
22 55 300
22 56 555
22 57 514
22 58 649
22 59 298
22 60 180
22 61 439
22 62 143
22 63 630
22 64 382
22 65 849
22 66 256
22 67 456
22 68 341
22 69 103
22 70 593
22 71 532
22 72 329
22 73 568
22 74 571
22 75 694
22 76 389
22 77 438
22 78 326
22 79 256
22 80 415
22 81 566
22 82 846
22 83 848
22 84 221
22 85 714
22 86 706
22 87 209
22 88 271
22 89 667
22 90 552
22 91 618
22 92 366
22 93 601
22 94 428
22 95 342
22 96 546
22 97 813
22 98 768
22 99 322
22 100 669
22 101 602
23 0 544
23 1 129
23 2 471
23 3 579
23 4 674
23 5 305
23 6 221
23 7 525
23 8 134
23 9 569
23 10 668
23 11 599
23 12 77
23 13 612
23 14 284
23 15 175
23 16 524
23 17 604
23 18 527
23 19 492
23 20 723
23 21 776
23 22 618
23 24 652
23 25 677
23 26 763
23 27 764
23 28 771
23 29 710
23 30 574
23 31 349
23 32 176
23 33 463
23 34 778
23 35 518
23 36 81
23 37 559
23 38 459
23 39 350
23 40 179
23 41 326
23 42 329
23 43 171
23 44 229
23 45 597
23 46 364
23 47 112
23 48 435
23 49 776
23 50 578
23 51 794
23 52 215
23 53 618
23 54 80
23 55 500
23 56 750
23 57 141
23 58 399
23 59 658
23 60 438
23 61 179
23 62 579
23 63 561
23 64 236
23 65 298
23 66 362
23 67 651
23 68 304
23 69 654
23 70 788
23 71 588
23 72 666
23 73 763
23 74 766
23 75 674
23 76 576
23 77 633
23 78 327
23 79 625
23 80 530
23 81 761
23 82 228
23 83 788
23 84 397
23 85 308
23 86 793
23 87 409
23 88 511
23 89 186
23 90 724
23 91 320
23 92 353
23 93 605
23 94 339
23 95 638
23 96 234
23 97 316
23 98 267
23 99 680
23 100 789
23 101 404
24 0 577
24 1 730
24 2 181
24 3 830
24 4 102
24 5 792
24 6 431
24 7 558
24 8 518
24 9 206
24 10 111
24 11 102
24 12 646
24 13 629
24 14 451
24 15 477
24 16 557
24 17 637
24 18 683
24 19 344
24 20 172
24 21 809
24 22 228
24 23 652
24 25 710
24 26 796
24 27 797
24 28 859
24 29 161
24 30 160
24 31 303
24 32 524
24 33 799
24 34 906
24 35 750
24 36 571
24 37 228
24 38 193
24 39 746
24 40 831
24 41 326
24 42 906
24 43 627
24 44 483
24 45 55
24 46 288
24 47 744
24 48 467
24 49 809
24 50 74
24 51 827
24 52 437
24 53 651
24 54 732
24 55 528
24 56 783
24 57 548
24 58 683
24 59 526
24 60 214
24 61 473
24 62 371
24 63 664
24 64 416
24 65 883
24 66 356
24 67 684
24 68 375
24 69 125
24 70 821
24 71 621
24 72 101
24 73 796
24 74 799
24 75 728
24 76 609
24 77 666
24 78 360
24 79 28
24 80 563
24 81 794
24 82 880
24 83 882
24 84 269
24 85 748
24 86 826
24 87 246
24 88 499
24 89 701
24 90 757
24 91 652
24 92 299
24 93 638
24 94 462
24 95 570
24 96 580
24 97 847
24 98 802
24 99 550
24 100 822
24 101 636
25 0 386
25 1 806
25 2 606
25 3 759
25 4 812
25 5 721
25 6 726
25 7 218
25 8 586
25 9 504
25 10 599
25 11 608
25 12 754
25 13 81
25 14 393
25 15 834
25 16 153
25 17 213
25 18 612
25 19 366
25 20 538
25 21 296
25 22 482
25 23 677
25 24 710
25 26 707
25 27 210
25 28 788
25 29 549
25 30 870
25 31 460
25 32 501
25 33 728
25 34 835
25 35 679
25 36 603
25 37 482
25 38 621
25 39 675
25 40 760
25 41 794
25 42 835
25 43 556
25 44 448
25 45 694
25 46 577
25 47 673
25 48 243
25 49 648
25 50 651
25 51 150
25 52 548
25 53 59
25 54 661
25 55 182
25 56 73
25 57 536
25 58 612
25 59 184
25 60 634
25 61 623
25 62 339
25 63 593
25 64 721
25 65 812
25 66 354
25 67 55
25 68 373
25 69 585
25 70 150
25 71 495
25 72 811
25 73 470
25 74 121
25 75 657
25 76 352
25 77 44
25 78 350
25 79 738
25 80 378
25 81 467
25 82 809
25 83 811
25 84 441
25 85 677
25 86 669
25 87 464
25 88 211
25 89 863
25 90 515
25 91 581
25 92 848
25 93 564
25 94 391
25 95 140
25 96 509
25 97 776
25 98 731
25 99 160
25 100 632
25 101 565
26 0 321
26 1 892
26 2 692
26 3 184
26 4 898
26 5 458
26 6 812
26 7 489
26 8 672
26 9 695
26 10 794
26 11 725
26 12 840
26 13 738
26 14 479
26 15 920
26 16 616
26 17 494
26 18 236
26 19 618
26 20 849
26 21 411
26 22 744
26 23 763
26 24 796
26 25 707
26 27 497
26 28 81
26 29 836
26 30 956
26 31 546
26 32 587
26 33 300
26 34 128
26 35 245
26 36 689
26 37 685
26 38 707
26 39 413
26 40 643
26 41 880
26 42 434
26 43 592
26 44 534
26 45 780
26 46 663
26 47 651
26 48 561
26 49 59
26 50 737
26 51 557
26 52 634
26 53 740
26 54 702
26 55 626
26 56 755
26 57 622
26 58 364
26 59 784
26 60 720
26 61 709
26 62 705
26 63 202
26 64 807
26 65 465
26 66 488
26 67 652
26 68 459
26 69 780
26 70 557
26 71 212
26 72 897
26 73 237
26 74 828
26 75 89
26 76 355
26 77 745
26 78 436
26 79 824
26 80 329
26 81 240
26 82 775
26 83 104
26 84 527
26 85 455
26 86 38
26 87 550
26 88 637
26 89 949
26 90 192
26 91 443
26 92 934
26 93 158
26 94 424
26 95 764
26 96 529
26 97 447
26 98 496
26 99 806
26 100 75
26 101 359
27 0 220
27 1 893
27 2 693
27 3 549
27 4 899
27 5 511
27 6 813
27 7 239
27 8 673
27 9 591
27 10 686
27 11 695
27 12 841
27 13 241
27 14 480
27 15 921
27 16 240
27 17 160
27 18 402
27 19 453
27 20 625
27 21 86
27 22 569
27 23 764
27 24 797
27 25 210
27 26 497
27 28 578
27 29 636
27 30 957
27 31 547
27 32 588
27 33 518
27 34 625
27 35 469
27 36 690
27 37 569
27 38 708
27 39 465
27 40 644
27 41 881
27 42 625
27 43 593
27 44 535
27 45 781
27 46 664
27 47 652
27 48 330
27 49 438
27 50 738
27 51 60
27 52 635
27 53 243
27 54 703
27 55 269
27 56 258
27 57 623
27 58 402
27 59 287
27 60 721
27 61 710
27 62 426
27 63 383
27 64 808
27 65 602
27 66 441
27 67 155
27 68 460
27 69 672
27 70 60
27 71 285
27 72 898
27 73 260
27 74 331
27 75 447
27 76 188
27 77 248
27 78 437
27 79 825
27 80 234
27 81 257
27 82 776
27 83 601
27 84 528
27 85 467
27 86 459
27 87 551
27 88 298
27 89 950
27 90 305
27 91 444
27 92 935
27 93 354
27 94 425
27 95 267
27 96 530
27 97 566
27 98 521
27 99 309
27 100 422
27 101 360
28 0 402
28 1 900
28 2 700
28 3 192
28 4 906
28 5 466
28 6 820
28 7 570
28 8 680
28 9 776
28 10 875
28 11 806
28 12 848
28 13 819
28 14 487
28 15 928
28 16 697
28 17 575
28 18 244
28 19 699
28 20 930
28 21 492
28 22 825
28 23 771
28 24 859
28 25 788
28 26 81
28 27 578
28 29 917
28 30 964
28 31 556
28 32 595
28 33 308
28 34 47
28 35 253
28 36 697
28 37 766
28 38 715
28 39 421
28 40 651
28 41 888
28 42 442
28 43 600
28 44 542
28 45 804
28 46 671
28 47 659
28 48 642
28 49 140
28 50 785
28 51 638
28 52 642
28 53 821
28 54 710
28 55 707
28 56 836
28 57 630
28 58 372
28 59 865
28 60 728
28 61 717
28 62 786
28 63 210
28 64 815
28 65 473
28 66 569
28 67 733
28 68 484
28 69 861
28 70 638
28 71 293
28 72 905
28 73 318
28 74 909
28 75 131
28 76 436
28 77 826
28 78 499
28 79 832
28 80 410
28 81 321
28 82 783
28 83 23
28 84 604
28 85 463
28 86 119
28 87 616
28 88 718
28 89 957
28 90 273
28 91 451
28 92 942
28 93 224
28 94 432
28 95 845
28 96 537
28 97 455
28 98 504
28 99 887
28 100 156
28 101 367
29 0 515
29 1 788
29 2 239
29 3 888
29 4 263
29 5 850
29 6 489
29 7 397
29 8 576
29 9 141
29 10 50
29 11 111
29 12 704
29 13 468
29 14 509
29 15 535
29 16 396
29 17 476
29 18 741
29 19 218
29 20 13
29 21 648
29 22 92
29 23 710
29 24 161
29 25 549
29 26 836
29 27 636
29 28 917
29 30 321
29 31 361
29 32 582
29 33 857
29 34 964
29 35 808
29 36 629
29 37 151
29 38 251
29 39 804
29 40 889
29 41 384
29 42 964
29 43 685
29 44 541
29 45 145
29 46 346
29 47 802
29 48 306
29 49 777
29 50 132
29 51 666
29 52 495
29 53 490
29 54 790
29 55 367
29 56 622
29 57 606
29 58 741
29 59 365
29 60 272
29 61 531
29 62 210
29 63 722
29 64 474
29 65 941
29 66 348
29 67 523
29 68 433
29 69 56
29 70 660
29 71 624
29 72 262
29 73 635
29 74 638
29 75 786
29 76 481
29 77 505
29 78 418
29 79 189
29 80 507
29 81 633
29 82 938
29 83 940
29 84 313
29 85 806
29 86 798
29 87 301
29 88 338
29 89 759
29 90 644
29 91 710
29 92 357
29 93 693
29 94 520
29 95 409
29 96 638
29 97 905
29 98 860
29 99 389
29 100 761
29 101 694
30 0 737
30 1 652
30 2 264
30 3 772
30 4 100
30 5 714
30 6 353
30 7 718
30 8 440
30 9 366
30 10 271
30 11 262
30 12 568
30 13 789
30 14 477
30 15 399
30 16 717
30 17 797
30 18 720
30 19 504
30 20 332
30 21 969
30 22 388
30 23 574
30 24 160
30 25 870
30 26 956
30 27 957
30 28 964
30 29 321
30 31 410
30 32 446
30 33 721
30 34 971
30 35 711
30 36 493
30 37 388
30 38 249
30 39 668
30 40 753
30 41 248
30 42 828
30 43 549
30 44 422
30 45 176
30 46 293
30 47 666
30 48 627
30 49 969
30 50 219
30 51 987
30 52 359
30 53 811
30 54 654
30 55 688
30 56 943
30 57 470
30 58 605
30 59 686
30 60 236
30 61 395
30 62 531
30 63 754
30 64 338
30 65 805
30 66 516
30 67 844
30 68 497
30 69 285
30 70 981
30 71 781
30 72 92
30 73 956
30 74 959
30 75 867
30 76 769
30 77 826
30 78 520
30 79 132
30 80 723
30 81 954
30 82 802
30 83 981
30 84 429
30 85 670
30 86 986
30 87 406
30 88 659
30 89 623
30 90 917
30 91 574
30 92 221
30 93 798
30 94 532
30 95 730
30 96 502
30 97 769
30 98 724
30 99 710
30 100 982
30 101 597
31 0 327
31 1 427
31 2 146
31 3 527
31 4 352
31 5 489
31 6 266
31 7 308
31 8 215
31 9 220
31 10 319
31 11 250
31 12 343
31 13 379
31 14 148
31 15 374
31 16 307
31 17 387
31 18 380
31 19 143
31 20 374
31 21 559
31 22 269
31 23 349
31 24 303
31 25 460
31 26 546
31 27 547
31 28 556
31 29 361
31 30 410
31 32 221
31 33 496
31 34 603
31 35 447
31 36 268
31 37 210
31 38 161
31 39 443
31 40 528
31 41 334
31 42 603
31 43 324
31 44 180
31 45 248
31 46 117
31 47 441
31 48 217
31 49 559
31 50 229
31 51 577
31 52 134
31 53 401
31 54 429
31 55 278
31 56 533
31 57 245
31 58 380
31 59 309
31 60 174
31 61 170
31 62 230
31 63 361
31 64 261
31 65 580
31 66 106
31 67 434
31 68 87
31 69 305
31 70 571
31 71 371
31 72 351
31 73 546
31 74 549
31 75 457
31 76 359
31 77 416
31 78 110
31 79 278
31 80 313
31 81 544
31 82 577
31 83 579
31 84 48
31 85 445
31 86 576
31 87 60
31 88 249
31 89 403
31 90 507
31 91 349
31 92 388
31 93 388
31 94 159
31 95 320
31 96 277
31 97 544
31 98 499
31 99 331
31 100 572
31 101 333
32 0 368
32 1 305
32 2 343
32 3 403
32 4 546
32 5 268
32 6 225
32 7 349
32 8 85
32 9 441
32 10 540
32 11 471
32 12 253
32 13 484
32 14 108
32 15 333
32 16 362
32 17 428
32 18 351
32 19 364
32 20 595
32 21 600
32 22 490
32 23 176
32 24 524
32 25 501
32 26 587
32 27 588
32 28 595
32 29 582
32 30 446
32 31 221
32 33 287
32 34 602
32 35 342
32 36 102
32 37 431
32 38 331
32 39 222
32 40 307
32 41 293
32 42 382
32 43 103
32 44 53
32 45 469
32 46 236
32 47 220
32 48 307
32 49 600
32 50 450
32 51 618
32 52 87
32 53 486
32 54 208
32 55 372
32 56 574
32 57 35
32 58 223
32 59 530
32 60 310
32 61 122
32 62 451
32 63 385
32 64 220
32 65 359
32 66 234
32 67 475
32 68 149
32 69 526
32 70 612
32 71 412
32 72 538
32 73 587
32 74 590
32 75 498
32 76 400
32 77 491
32 78 164
32 79 497
32 80 354
32 81 585
32 82 356
32 83 612
32 84 269
32 85 224
32 86 617
32 87 281
32 88 383
32 89 362
32 90 548
32 91 144
32 92 347
32 93 429
32 94 163
32 95 510
32 96 58
32 97 323
32 98 278
32 99 552
32 100 613
32 101 228
33 0 342
33 1 592
33 2 618
33 3 116
33 4 821
33 5 158
33 6 512
33 7 510
33 8 372
33 9 716
33 10 815
33 11 746
33 12 540
33 13 759
33 14 348
33 15 620
33 16 637
33 17 515
33 18 116
33 19 639
33 20 870
33 21 432
33 22 765
33 23 463
33 24 799
33 25 728
33 26 300
33 27 518
33 28 308
33 29 857
33 30 721
33 31 496
33 32 287
33 34 315
33 35 55
33 36 389
33 37 706
33 38 606
33 39 113
33 40 343
33 41 580
33 42 134
33 43 292
33 44 316
33 45 744
33 46 511
33 47 351
33 48 582
33 49 313
33 50 725
33 51 578
33 52 362
33 53 761
33 54 402
33 55 647
33 56 776
33 57 322
33 58 116
33 59 805
33 60 585
33 61 409
33 62 726
33 63 135
33 64 507
33 65 165
33 66 509
33 67 673
33 68 424
33 69 801
33 70 578
33 71 233
33 72 813
33 73 300
33 74 849
33 75 211
33 76 376
33 77 766
33 78 439
33 79 772
33 80 350
33 81 298
33 82 475
33 83 325
33 84 544
33 85 155
33 86 330
33 87 556
33 88 658
33 89 649
33 90 261
33 91 147
33 92 634
33 93 164
33 94 337
33 95 785
33 96 229
33 97 147
33 98 196
33 99 827
33 100 326
33 101 163
34 0 449
34 1 907
34 2 725
34 3 199
34 4 928
34 5 473
34 6 827
34 7 617
34 8 687
34 9 823
34 10 922
34 11 853
34 12 855
34 13 866
34 14 494
34 15 935
34 16 744
34 17 622
34 18 251
34 19 746
34 20 977
34 21 539
34 22 872
34 23 778
34 24 906
34 25 835
34 26 128
34 27 625
34 28 47
34 29 964
34 30 971
34 31 603
34 32 602
34 33 315
34 35 260
34 36 704
34 37 813
34 38 722
34 39 428
34 40 658
34 41 895
34 42 449
34 43 607
34 44 549
34 45 851
34 46 678
34 47 666
34 48 689
34 49 187
34 50 832
34 51 685
34 52 649
34 53 868
34 54 717
34 55 754
34 56 883
34 57 637
34 58 379
34 59 912
34 60 735
34 61 724
34 62 833
34 63 242
34 64 822
34 65 480
34 66 616
34 67 780
34 68 531
34 69 908
34 70 685
34 71 340
34 72 920
34 73 365
34 74 956
34 75 178
34 76 483
34 77 873
34 78 546
34 79 879
34 80 457
34 81 368
34 82 790
34 83 24
34 84 651
34 85 470
34 86 166
34 87 663
34 88 765
34 89 964
34 90 320
34 91 458
34 92 949
34 93 271
34 94 444
34 95 892
34 96 544
34 97 462
34 98 511
34 99 934
34 100 203
34 101 374
35 0 293
35 1 647
35 2 569
35 3 80
35 4 772
35 5 213
35 6 567
35 7 461
35 8 427
35 9 667
35 10 766
35 11 697
35 12 595
35 13 710
35 14 299
35 15 675
35 16 588
35 17 466
35 18 67
35 19 590
35 20 821
35 21 383
35 22 716
35 23 518
35 24 750
35 25 679
35 26 245
35 27 469
35 28 253
35 29 808
35 30 711
35 31 447
35 32 342
35 33 55
35 34 260
35 36 444
35 37 657
35 38 557
35 39 168
35 40 398
35 41 635
35 42 189
35 43 347
35 44 289
35 45 695
35 46 462
35 47 406
35 48 533
35 49 258
35 50 676
35 51 529
35 52 389
35 53 712
35 54 457
35 55 598
35 56 727
35 57 377
35 58 119
35 59 756
35 60 536
35 61 464
35 62 677
35 63 86
35 64 562
35 65 220
35 66 460
35 67 624
35 68 375
35 69 752
35 70 529
35 71 184
35 72 764
35 73 245
35 74 800
35 75 156
35 76 327
35 77 717
35 78 390
35 79 723
35 80 301
35 81 243
35 82 530
35 83 270
35 84 495
35 85 210
35 86 275
35 87 507
35 88 609
35 89 704
35 90 206
35 91 198
35 92 689
35 93 115
35 94 288
35 95 736
35 96 284
35 97 202
35 98 251
35 99 778
35 100 271
35 101 114
36 0 470
36 1 203
36 2 390
36 3 505
36 4 593
36 5 231
36 6 140
36 7 451
36 8 53
36 9 488
36 10 587
36 11 518
36 12 151
36 13 531
36 14 210
36 15 231
36 16 450
36 17 530
36 18 453
36 19 411
36 20 642
36 21 702
36 22 537
36 23 81
36 24 571
36 25 603
36 26 689
36 27 690
36 28 697
36 29 629
36 30 493
36 31 268
36 32 102
36 33 389
36 34 704
36 35 444
36 37 478
36 38 378
36 39 276
36 40 260
36 41 245
36 42 335
36 43 97
36 44 155
36 45 516
36 46 283
36 47 173
36 48 360
36 49 702
36 50 497
36 51 720
36 52 134
36 53 544
36 54 161
36 55 421
36 56 676
36 57 67
36 58 325
36 59 577
36 60 357
36 61 98
36 62 498
36 63 487
36 64 155
36 65 312
36 66 281
36 67 577
36 68 230
36 69 573
36 70 714
36 71 514
36 72 585
36 73 689
36 74 692
36 75 600
36 76 502
36 77 559
36 78 253
36 79 544
36 80 456
36 81 687
36 82 309
36 83 714
36 84 316
36 85 234
36 86 719
36 87 328
36 88 430
36 89 260
36 90 650
36 91 246
36 92 272
36 93 531
36 94 265
36 95 557
36 96 160
36 97 276
36 98 231
36 99 599
36 100 715
36 101 330
37 0 364
37 1 637
37 2 124
37 3 737
37 4 330
37 5 699
37 6 338
37 7 330
37 8 425
37 9 22
37 10 117
37 11 126
37 12 553
37 13 401
37 14 358
37 15 384
37 16 329
37 17 409
37 18 590
37 19 116
37 20 164
37 21 581
37 22 59
37 23 559
37 24 228
37 25 482
37 26 685
37 27 569
37 28 766
37 29 151
37 30 388
37 31 210
37 32 431
37 33 706
37 34 813
37 35 657
37 36 478
37 38 139
37 39 653
37 40 738
37 41 312
37 42 813
37 43 534
37 44 390
37 45 212
37 46 195
37 47 651
37 48 239
37 49 626
37 50 169
37 51 599
37 52 344
37 53 423
37 54 639
37 55 300
37 56 555
37 57 455
37 58 590
37 59 298
37 60 152
37 61 380
37 62 143
37 63 571
37 64 323
37 65 790
37 66 197
37 67 456
37 68 282
37 69 103
37 70 593
37 71 473
37 72 329
37 73 568
37 74 571
37 75 635
37 76 381
37 77 438
37 78 267
37 79 256
37 80 356
37 81 566
37 82 787
37 83 789
37 84 162
37 85 655
37 86 647
37 87 150
37 88 271
37 89 608
37 90 529
37 91 559
37 92 366
37 93 542
37 94 369
37 95 342
37 96 487
37 97 754
37 98 709
37 99 322
37 100 610
37 101 543
38 0 488
38 1 537
38 2 15
38 3 637
38 4 215
38 5 599
38 6 238
38 7 469
38 8 325
38 9 117
38 10 209
38 11 140
38 12 453
38 13 540
38 14 258
38 15 284
38 16 468
38 17 548
38 18 490
38 19 255
38 20 264
38 21 720
38 22 159
38 23 459
38 24 193
38 25 621
38 26 707
38 27 708
38 28 715
38 29 251
38 30 249
38 31 161
38 32 331
38 33 606
38 34 722
38 35 557
38 36 378
38 37 139
38 39 553
38 40 638
38 41 173
38 42 713
38 43 434
38 44 290
38 45 138
38 46 95
38 47 551
38 48 378
38 49 720
38 50 119
38 51 738
38 52 244
38 53 562
38 54 539
38 55 439
38 56 694
38 57 355
38 58 490
38 59 437
38 60 21
38 61 280
38 62 282
38 63 505
38 64 223
38 65 690
38 66 267
38 67 595
38 68 248
38 69 195
38 70 732
38 71 532
38 72 207
38 73 707
38 74 710
38 75 618
38 76 520
38 77 577
38 78 271
38 79 166
38 80 474
38 81 705
38 82 687
38 83 732
38 84 180
38 85 555
38 86 737
38 87 157
38 88 410
38 89 508
38 90 668
38 91 459
38 92 227
38 93 549
38 94 283
38 95 481
38 96 387
38 97 654
38 98 609
38 99 461
38 100 733
38 101 443
39 0 289
39 1 479
39 2 565
39 3 229
39 4 768
39 5 46
39 6 399
39 7 457
39 8 259
39 9 663
39 10 762
39 11 693
39 12 427
39 13 706
39 14 295
39 15 507
39 16 584
39 17 462
39 18 177
39 19 586
39 20 817
39 21 426
39 22 712
39 23 350
39 24 746
39 25 675
39 26 413
39 27 465
39 28 421
39 29 804
39 30 668
39 31 443
39 32 222
39 33 113
39 34 428
39 35 168
39 36 276
39 37 653
39 38 553
39 40 230
39 41 467
39 42 160
39 43 179
39 44 263
39 45 691
39 46 458
39 47 238
39 48 529
39 49 426
39 50 672
39 51 525
39 52 309
39 53 708
39 54 289
39 55 594
39 56 723
39 57 209
39 58 63
39 59 752
39 60 532
39 61 296
39 62 673
39 63 211
39 64 394
39 65 137
39 66 456
39 67 620
39 68 371
39 69 748
39 70 525
39 71 238
39 72 760
39 73 413
39 74 796
39 75 324
39 76 323
39 77 713
39 78 386
39 79 719
39 80 297
39 81 411
39 82 362
39 83 438
39 84 491
39 85 42
39 86 443
39 87 503
39 88 605
39 89 536
