nnodes narcs type
42 1722 digraph
nodename posx posy
0 922 501
41 445 448
1 958 144
21 216 853
2 200 928
22 826 794
3 723 460
23 688 460
4 731 751
24 928 609
5 924 908
25 104 98
6 557 546
26 510 384
7 252 389
27 404 822
8 593 882
28 517 475
9 255 708
29 976 708
10 814 920
30 862 644
11 449 9
31 869 770
12 823 797
32 436 22
13 241 250
33 996 564
14 876 4
34 676 713
15 118 800
35 457 82
16 373 64
36 144 84
17 145 223
37 77 456
18 238 176
38 877 0
19 778 852
39 50 684
20 281 62
40 716 771
tail head weight
0 1 357
0 2 722
0 3 199
0 4 250
0 5 407
0 6 365
0 7 670
0 8 381
0 9 667
0 10 419
0 11 492
0 12 296
0 13 681
0 14 497
0 15 804
0 16 549
0 17 777
0 18 684
0 19 351
0 20 641
0 21 706
0 22 293
0 23 234
0 24 108
0 25 818
0 26 412
0 27 518
0 28 405
0 29 207
0 30 143
0 31 269
0 32 486
0 33 74
0 34 246
0 35 465
0 36 778
0 37 845
0 38 501
0 39 872
0 40 270
0 41 477
1 0 357
1 2 784
1 3 316
1 4 607
1 5 764
1 6 402
1 7 706
1 8 738
1 9 703
1 10 776
1 11 509
1 12 653
1 13 717
1 14 140
1 15 840
1 16 585
1 17 813
1 18 720
1 19 708
1 20 677
1 21 742
1 22 650
1 23 316
1 24 465
1 25 854
1 26 448
1 27 678
1 28 441
1 29 564
1 30 500
1 31 626
1 32 522
1 33 420
1 34 569
1 35 501
1 36 814
1 37 881
1 38 144
1 39 908
1 40 627
1 41 513
2 0 722
2 1 784
2 3 523
2 4 531
2 5 724
2 6 382
2 7 539
2 8 393
2 9 220
2 10 614
2 11 919
2 12 623
2 13 678
2 14 924
2 15 128
2 16 864
2 17 705
2 18 752
2 19 578
2 20 866
2 21 75
2 22 626
2 23 488
2 24 728
2 25 830
2 26 544
2 27 204
2 28 453
2 29 776
2 30 662
2 31 669
2 32 906
2 33 796
2 34 476
2 35 846
2 36 844
2 37 472
2 38 928
2 39 244
2 40 516
2 41 480
3 0 199
3 1 316
3 2 523
3 4 291
3 5 448
3 6 166
3 7 471
3 8 422
3 9 468
3 10 460
3 11 451
3 12 337
3 13 482
3 14 456
3 15 605
3 16 396
3 17 578
3 18 485
3 19 392
3 20 442
3 21 507
3 22 334
3 23 35
3 24 205
3 25 619
3 26 213
3 27 362
3 28 206
3 29 253
3 30 184
3 31 310
3 32 438
3 33 273
3 34 253
3 35 378
3 36 579
3 37 646
3 38 460
3 39 673
3 40 311
3 41 278
4 0 250
4 1 607
4 2 531
4 3 291
4 5 193
4 6 205
4 7 479
4 8 138
4 9 476
4 10 169
4 11 742
4 12 92
4 13 501
4 14 747
4 15 613
4 16 687
4 17 586
4 18 575
4 19 101
4 20 689
4 21 515
4 22 95
4 23 291
4 24 197
4 25 653
4 26 367
4 27 327
4 28 276
4 29 245
4 30 131
4 31 138
4 32 729
4 33 265
4 34 55
4 35 669
4 36 667
4 37 654
4 38 751
4 39 681
4 40 20
4 41 303
5 0 407
5 1 764
5 2 724
5 3 448
5 4 193
5 6 367
5 7 672
5 8 331
5 9 669
5 10 110
5 11 899
5 12 111
5 13 683
5 14 904
5 15 806
5 16 844
5 17 779
5 18 732
5 19 146
5 20 846
5 21 708
5 22 114
5 23 448
5 24 299
5 25 820
5 26 524
5 27 520
5 28 433
5 29 200
5 30 264
5 31 138
5 32 886
5 33 344
5 34 248
5 35 826
5 36 824
5 37 847
5 38 908
5 39 874
5 40 208
5 41 479
6 0 365
6 1 402
6 2 382
6 3 166
6 4 205
6 5 367
6 7 305
6 8 336
6 9 302
6 10 374
6 11 537
6 12 266
6 13 316
6 14 542
6 15 439
6 16 482
6 17 412
6 18 370
6 19 306
6 20 484
6 21 341
6 22 269
6 23 131
6 24 371
6 25 453
6 26 162
6 27 276
6 28 71
6 29 419
6 30 305
6 31 312
6 32 524
6 33 439
6 34 167
6 35 464
6 36 462
6 37 480
6 38 546
6 39 507
6 40 225
6 41 112
7 0 670
7 1 706
7 2 539
7 3 471
7 4 479
7 5 672
7 6 305
7 8 493
7 9 319
7 10 562
7 11 380
7 12 571
7 13 139
7 14 624
7 15 411
7 16 325
7 17 166
7 18 213
7 19 526
7 20 327
7 21 464
7 22 574
7 23 436
7 24 676
7 25 291
7 26 258
7 27 433
7 28 265
7 29 724
7 30 610
7 31 617
7 32 367
7 33 744
7 34 424
7 35 307
7 36 305
7 37 175
7 38 625
7 39 295
7 40 464
7 41 193
8 0 381
8 1 738
8 2 393
8 3 422
8 4 138
8 5 331
8 6 336
8 7 493
8 9 338
8 10 221
8 11 873
8 12 230
8 13 632
8 14 878
8 15 475
8 16 818
8 17 659
8 18 706
8 19 185
8 20 820
8 21 377
8 22 233
8 23 422
8 24 335
8 25 784
8 26 498
8 27 189
8 28 407
8 29 383
8 30 269
8 31 276
8 32 860
8 33 403
8 34 169
8 35 800
8 36 798
8 37 516
8 38 882
8 39 543
8 40 123
8 41 434
9 0 667
9 1 703
9 2 220
9 3 468
9 4 476
9 5 669
9 6 302
9 7 319
9 8 338
9 10 559
9 11 699
9 12 568
9 13 458
9 14 704
9 15 137
9 16 644
9 17 485
9 18 532
9 19 523
9 20 646
9 21 145
9 22 571
9 23 433
9 24 673
9 25 610
9 26 324
9 27 149
9 28 262
9 29 721
9 30 607
9 31 614
9 32 686
9 33 741
9 34 421
9 35 626
9 36 624
9 37 252
9 38 708
9 39 205
9 40 461
9 41 260
10 0 419
10 1 776
10 2 614
10 3 460
10 4 169
10 5 110
10 6 374
10 7 562
10 8 221
10 9 559
10 11 911
10 12 123
10 13 670
10 14 916
10 15 696
10 16 856
10 17 697
10 18 744
10 19 68
10 20 858
10 21 598
10 22 126
10 23 460
10 24 311
10 25 822
10 26 536
10 27 410
10 28 445
10 29 212
10 30 276
10 31 150
10 32 898
10 33 356
10 34 207
10 35 838
10 36 836
10 37 737
10 38 920
10 39 764
10 40 149
10 41 472
11 0 492
11 1 509
11 2 919
11 3 451
11 4 742
11 5 899
11 6 537
11 7 380
11 8 873
11 9 699
11 10 911
11 12 788
11 13 241
11 14 427
11 15 791
11 16 76
11 17 304
11 18 211
11 19 843
11 20 168
11 21 844
11 22 785
11 23 451
11 24 600
11 25 345
11 26 375
11 27 813
11 28 466
11 29 699
11 30 635
11 31 761
11 32 13
11 33 555
11 34 704
11 35 73
11 36 305
11 37 447
11 38 428
11 39 675
11 40 762
11 41 439
12 0 296
12 1 653
12 2 623
12 3 337
12 4 92
12 5 111
12 6 266
12 7 571
12 8 230
12 9 568
12 10 123
12 11 788
12 13 582
12 14 793
12 15 705
12 16 733
12 17 678
12 18 621
12 19 55
12 20 735
12 21 607
12 22 3
12 23 337
12 24 188
12 25 719
12 26 413
12 27 419
12 28 322
12 29 153
12 30 153
12 31 46
12 32 775
12 33 233
12 34 147
12 35 715
12 36 713
12 37 746
12 38 797
12 39 773
12 40 107
12 41 378
13 0 681
13 1 717
13 2 678
13 3 482
13 4 501
13 5 683
13 6 316
13 7 139
13 8 632
13 9 458
13 10 670
13 11 241
13 12 582
13 14 635
13 15 550
13 16 186
13 17 96
13 18 74
13 19 602
13 20 188
13 21 603
13 22 585
13 23 447
13 24 687
13 25 152
13 26 269
13 27 572
13 28 276
13 29 735
13 30 621
13 31 628
13 32 228
13 33 755
13 34 463
13 35 216
13 36 166
13 37 206
13 38 636
13 39 434
13 40 521
13 41 204
14 0 497
14 1 140
14 2 924
14 3 456
14 4 747
14 5 904
14 6 542
14 7 624
14 8 878
14 9 704
14 10 916
14 11 427
14 12 793
14 13 635
14 15 796
14 16 503
14 17 731
14 18 638
14 19 848
14 20 595
14 21 849
14 22 790
14 23 456
14 24 605
14 25 772
14 26 380
14 27 818
14 28 471
14 29 704
14 30 640
14 31 766
14 32 440
14 33 560
14 34 709
14 35 419
14 36 732
14 37 799
14 38 4
14 39 826
14 40 767
14 41 444
15 0 804
15 1 840
15 2 128
15 3 605
15 4 613
15 5 806
15 6 439
15 7 411
15 8 475
15 9 137
15 10 696
15 11 791
15 12 705
15 13 550
15 14 796
15 16 736
15 17 577
15 18 624
15 19 660
15 20 738
15 21 98
15 22 708
15 23 570
15 24 810
15 25 702
15 26 416
15 27 286
15 28 399
15 29 858
15 30 744
15 31 751
15 32 778
15 33 878
15 34 558
15 35 718
15 36 716
15 37 344
15 38 800
15 39 116
15 40 598
15 41 352
16 0 549
16 1 585
16 2 864
16 3 396
16 4 687
16 5 844
16 6 482
16 7 325
16 8 818
16 9 644
16 10 856
16 11 76
16 12 733
16 13 186
16 14 503
16 15 736
16 17 228
16 18 135
16 19 788
16 20 92
16 21 789
16 22 730
16 23 396
16 24 555
16 25 269
16 26 320
16 27 758
16 28 411
16 29 644
16 30 580
16 31 706
16 32 63
16 33 623
16 34 649
16 35 84
16 36 229
16 37 392
16 38 504
16 39 620
16 40 707
16 41 384
17 0 777
17 1 813
17 2 705
17 3 578
17 4 586
17 5 779
17 6 412
17 7 166
17 8 659
17 9 485
17 10 697
17 11 304
17 12 678
17 13 96
17 14 731
17 15 577
17 16 228
17 18 93
17 19 633
17 20 161
17 21 630
17 22 681
17 23 543
17 24 783
17 25 125
17 26 365
17 27 599
17 28 372
17 29 831
17 30 717
17 31 724
17 32 291
17 33 851
17 34 531
17 35 312
17 36 139
17 37 233
17 38 732
17 39 461
17 40 571
17 41 300
18 0 684
18 1 720
18 2 752
18 3 485
18 4 575
18 5 732
18 6 370
18 7 213
18 8 706
18 9 532
18 10 744
18 11 211
18 12 621
18 13 74
18 14 638
18 15 624
18 16 135
18 17 93
18 19 676
18 20 114
18 21 677
18 22 618
18 23 450
18 24 690
18 25 134
18 26 272
18 27 646
18 28 299
18 29 738
18 30 624
18 31 631
18 32 198
18 33 758
18 34 537
18 35 219
18 36 94
18 37 280
18 38 639
18 39 508
18 40 595
18 41 272
19 0 351
19 1 708
19 2 578
19 3 392
19 4 101
19 5 146
19 6 306
19 7 526
19 8 185
19 9 523
19 10 68
19 11 843
19 12 55
19 13 602
19 14 848
19 15 660
19 16 788
19 17 633
19 18 676
19 20 790
19 21 562
19 22 58
19 23 392
19 24 243
19 25 754
19 26 468
19 27 374
19 28 377
19 29 198
19 30 208
19 31 91
19 32 830
19 33 288
19 34 139
19 35 770
19 36 768
19 37 701
19 38 852
19 39 728
19 40 81
19 41 404
20 0 641
20 1 677
20 2 866
20 3 442
20 4 689
20 5 846
20 6 484
20 7 327
20 8 820
20 9 646
20 10 858
20 11 168
20 12 735
20 13 188
20 14 595
20 15 738
20 16 92
20 17 161
20 18 114
20 19 790
20 21 791
20 22 732
20 23 407
20 24 647
20 25 177
20 26 322
20 27 760
20 28 413
20 29 695
20 30 582
20 31 708
20 32 155
20 33 715
20 34 651
20 35 176
20 36 137
20 37 394
20 38 596
20 39 622
20 40 709
20 41 386
21 0 706
21 1 742
21 2 75
21 3 507
21 4 515
21 5 708
21 6 341
21 7 464
21 8 377
21 9 145
21 10 598
21 11 844
21 12 607
21 13 603
21 14 849
21 15 98
21 16 789
21 17 630
21 18 677
21 19 562
21 20 791
21 22 610
21 23 472
21 24 712
21 25 755
21 26 469
21 27 188
21 28 378
21 29 760
21 30 646
21 31 653
21 32 831
21 33 780
21 34 460
21 35 771
21 36 769
21 37 397
21 38 853
21 39 169
21 40 500
21 41 405
22 0 293
22 1 650
22 2 626
22 3 334
22 4 95
22 5 114
22 6 269
22 7 574
22 8 233
22 9 571
22 10 126
22 11 785
22 12 3
22 13 585
22 14 790
22 15 708
22 16 730
22 17 681
22 18 618
22 19 58
22 20 732
22 21 610
22 23 334
22 24 185
22 25 722
22 26 410
22 27 422
22 28 319
22 29 150
22 30 150
22 31 43
22 32 772
22 33 230
22 34 150
22 35 712
22 36 710
22 37 749
22 38 794
22 39 776
22 40 110
22 41 381
23 0 234
23 1 316
23 2 488
23 3 35
23 4 291
23 5 448
23 6 131
23 7 436
23 8 422
23 9 433
23 10 460
23 11 451
23 12 337
23 13 447
23 14 456
23 15 570
23 16 396
23 17 543
23 18 450
23 19 392
23 20 407
23 21 472
23 22 334
23 24 240
23 25 584
23 26 178
23 27 362
23 28 171
23 29 288
23 30 184
23 31 310
23 32 438
23 33 308
23 34 253
23 35 378
23 36 544
23 37 611
23 38 460
23 39 638
23 40 311
23 41 243
24 0 108
24 1 465
24 2 728
24 3 205
24 4 197
24 5 299
24 6 371
24 7 676
24 8 335
24 9 673
24 10 311
24 11 600
24 12 188
24 13 687
24 14 605
24 15 810
24 16 555
24 17 783
24 18 690
24 19 243
24 20 647
24 21 712
24 22 185
24 23 240
24 25 824
24 26 418
24 27 524
24 28 411
24 29 99
24 30 66
24 31 161
24 32 587
24 33 68
24 34 252
24 35 527
24 36 784
24 37 851
24 38 609
24 39 878
24 40 212
24 41 483
25 0 818
25 1 854
25 2 830
25 3 619
25 4 653
25 5 820
25 6 453
25 7 291
25 8 784
25 9 610
25 10 822
25 11 345
25 12 719
25 13 152
25 14 772
25 15 702
25 16 269
25 17 125
25 18 134
25 19 754
25 20 177
25 21 755
25 22 722
25 23 584
25 24 824
25 26 406
25 27 724
25 28 413
25 29 872
25 30 758
25 31 765
25 32 332
25 33 892
25 34 615
25 35 353
25 36 40
25 37 358
25 38 773
25 39 586
25 40 673
25 41 350
26 0 412
26 1 448
26 2 544
26 3 213
26 4 367
26 5 524
26 6 162
26 7 258
26 8 498
26 9 324
26 10 536
26 11 375
26 12 413
26 13 269
26 14 380
26 15 416
26 16 320
26 17 365
26 18 272
26 19 468
26 20 322
26 21 469
26 22 410
26 23 178
26 24 418
26 25 406
26 27 438
26 28 91
26 29 466
26 30 352
26 31 386
26 32 362
26 33 486
26 34 329
26 35 302
26 36 366
26 37 433
26 38 384
26 39 460
26 40 387
26 41 65
27 0 518
27 1 678
27 2 204
27 3 362
27 4 327
27 5 520
27 6 276
27 7 433
27 8 189
27 9 149
27 10 410
27 11 813
27 12 419
27 13 572
27 14 818
27 15 286
27 16 758
27 17 599
27 18 646
27 19 374
27 20 760
27 21 188
27 22 422
27 23 362
27 24 524
27 25 724
27 26 438
27 28 347
27 29 572
27 30 458
27 31 465
27 32 800
27 33 592
27 34 272
27 35 740
27 36 738
27 37 366
27 38 822
27 39 354
27 40 312
27 41 374
28 0 405
28 1 441
28 2 453
28 3 206
28 4 276
28 5 433
28 6 71
28 7 265
28 8 407
28 9 262
28 10 445
28 11 466
28 12 322
28 13 276
28 14 471
28 15 399
28 16 411
28 17 372
28 18 299
28 19 377
28 20 413
28 21 378
28 22 319
28 23 171
28 24 411
28 25 413
28 26 91
28 27 347
28 29 459
28 30 345
28 31 352
28 32 453
28 33 479
28 34 238
28 35 393
28 36 391
28 37 440
28 38 475
28 39 467
28 40 296
28 41 72
29 0 207
29 1 564
29 2 776
29 3 253
29 4 245
29 5 200
29 6 419
29 7 724
29 8 383
29 9 721
29 10 212
29 11 699
29 12 153
29 13 735
29 14 704
29 15 858
29 16 644
29 17 831
29 18 738
29 19 198
29 20 695
29 21 760
29 22 150
29 23 288
29 24 99
29 25 872
29 26 466
29 27 572
29 28 459
29 30 114
29 31 107
29 32 686
29 33 144
29 34 300
29 35 626
29 36 832
29 37 899
29 38 708
29 39 926
29 40 260
29 41 531
30 0 143
30 1 500
30 2 662
30 3 184
30 4 131
30 5 264
30 6 305
30 7 610
30 8 269
30 9 607
30 10 276
30 11 635
30 12 153
30 13 621
30 14 640
30 15 744
30 16 580
30 17 717
30 18 624
30 19 208
30 20 582
30 21 646
30 22 150
30 23 184
30 24 66
30 25 758
30 26 352
30 27 458
30 28 345
30 29 114
30 31 126
30 32 622
30 33 134
30 34 186
30 35 562
30 36 718
30 37 785
30 38 644
30 39 812
30 40 146
30 41 417
31 0 269
31 1 626
31 2 669
31 3 310
31 4 138
31 5 138
31 6 312
31 7 617
31 8 276
31 9 614
31 10 150
31 11 761
31 12 46
31 13 628
31 14 766
31 15 751
31 16 706
31 17 724
31 18 631
31 19 91
31 20 708
31 21 653
31 22 43
31 23 310
31 24 161
31 25 765
31 26 386
31 27 465
31 28 352
31 29 107
31 30 126
31 32 748
31 33 206
31 34 193
31 35 688
31 36 725
31 37 792
31 38 770
31 39 819
31 40 153
31 41 424
32 0 486
32 1 522
32 2 906
32 3 438
32 4 729
32 5 886
32 6 524
32 7 367
32 8 860
32 9 686
32 10 898
32 11 13
32 12 775
32 13 228
32 14 440
32 15 778
32 16 63
32 17 291
32 18 198
32 19 830
32 20 155
32 21 831
32 22 772
32 23 438
32 24 587
32 25 332
32 26 362
32 27 800
32 28 453
32 29 686
32 30 622
32 31 748
32 33 560
32 34 691
32 35 60
32 36 292
32 37 434
32 38 441
32 39 662
32 40 749
32 41 426
33 0 74
33 1 420
33 2 796
33 3 273
33 4 265
33 5 344
33 6 439
33 7 744
33 8 403
33 9 741
33 10 356
33 11 555
33 12 233
33 13 755
33 14 560
33 15 878
33 16 623
33 17 851
33 18 758
33 19 288
33 20 715
33 21 780
33 22 230
33 23 308
33 24 68
33 25 892
33 26 486
33 27 592
33 28 479
33 29 144
33 30 134
33 31 206
33 32 560
33 34 320
33 35 539
33 36 852
33 37 919
33 38 564
33 39 946
33 40 280
33 41 551
34 0 246
34 1 569
34 2 476
34 3 253
34 4 55
34 5 248
34 6 167
34 7 424
34 8 169
34 9 421
34 10 207
34 11 704
34 12 147
34 13 463
34 14 709
34 15 558
34 16 649
34 17 531
34 18 537
34 19 139
34 20 651
34 21 460
34 22 150
34 23 253
34 24 252
34 25 615
34 26 329
34 27 272
34 28 238
34 29 300
34 30 186
34 31 193
34 32 691
34 33 320
34 35 631
34 36 629
34 37 599
34 38 713
34 39 626
34 40 58
34 41 265
35 0 465
35 1 501
35 2 846
35 3 378
35 4 669
35 5 826
35 6 464
35 7 307
35 8 800
35 9 626
35 10 838
35 11 73
35 12 715
35 13 216
35 14 419
35 15 718
35 16 84
35 17 312
35 18 219
35 19 770
35 20 176
35 21 771
35 22 712
35 23 378
35 24 527
35 25 353
35 26 302
35 27 740
35 28 393
35 29 626
35 30 562
35 31 688
35 32 60
35 33 539
35 34 631
35 36 313
35 37 380
35 38 420
35 39 602
35 40 689
35 41 366
36 0 778
36 1 814
36 2 844
36 3 579
36 4 667
36 5 824
36 6 462
36 7 305
36 8 798
36 9 624
36 10 836
36 11 305
36 12 713
36 13 166
36 14 732
36 15 716
36 16 229
36 17 139
36 18 94
36 19 768
36 20 137
36 21 769
36 22 710
36 23 544
36 24 784
36 25 40
36 26 366
36 27 738
36 28 391
36 29 832
36 30 718
36 31 725
36 32 292
36 33 852
36 34 629
36 35 313
36 37 372
36 38 733
36 39 600
36 40 687
36 41 364
37 0 845
37 1 881
37 2 472
37 3 646
37 4 654
37 5 847
37 6 480
37 7 175
37 8 516
37 9 252
37 10 737
37 11 447
37 12 746
37 13 206
37 14 799
37 15 344
37 16 392
37 17 233
37 18 280
37 19 701
37 20 394
37 21 397
37 22 749
37 23 611
37 24 851
37 25 358
37 26 433
37 27 366
37 28 440
37 29 899
37 30 785
37 31 792
37 32 434
37 33 919
37 34 599
37 35 380
37 36 372
37 38 800
37 39 228
37 40 639
37 41 368
38 0 501
38 1 144
38 2 928
38 3 460
38 4 751
38 5 908
38 6 546
38 7 625
38 8 882
38 9 708
38 10 920
38 11 428
38 12 797
38 13 636
38 14 4
38 15 800
38 16 504
38 17 732
38 18 639
38 19 852
38 20 596
38 21 853
38 22 794
38 23 460
38 24 609
38 25 773
38 26 384
38 27 822
38 28 475
38 29 708
38 30 644
38 31 770
38 32 441
38 33 564
38 34 713
38 35 420
38 36 733
38 37 800
38 39 827
38 40 771
38 41 448
39 0 872
39 1 908
39 2 244
39 3 673
39 4 681
39 5 874
39 6 507
39 7 295
39 8 543
39 9 205
39 10 764
39 11 675
39 12 773
39 13 434
39 14 826
39 15 116
39 16 620
39 17 461
39 18 508
39 19 728
39 20 622
39 21 169
39 22 776
39 23 638
39 24 878
39 25 586
39 26 460
39 27 354
39 28 467
39 29 926
39 30 812
39 31 819
39 32 662
39 33 946
39 34 626
39 35 602
39 36 600
39 37 228
39 38 827
39 40 666
39 41 395
40 0 270
40 1 627
40 2 516
40 3 311
40 4 20
40 5 208
40 6 225
40 7 464
40 8 123
40 9 461
40 10 149
40 11 762
40 12 107
40 13 521
40 14 767
40 15 598
40 16 707
40 17 571
40 18 595
40 19 81
40 20 709
40 21 500
40 22 110
40 23 311
40 24 212
40 25 673
40 26 387
40 27 312
40 28 296
40 29 260
40 30 146
40 31 153
40 32 749
40 33 280
40 34 58
40 35 689
40 36 687
40 37 639
40 38 771
40 39 666
40 41 323
41 0 477
41 1 513
41 2 480
41 3 278
41 4 303
41 5 479
41 6 112
41 7 193
41 8 434
41 9 260
41 10 472
41 11 439
41 12 378
41 13 204
41 14 444
41 15 352
41 16 384
41 17 300
41 18 272
41 19 404
41 20 386
41 21 405
41 22 381
41 23 243
41 24 483
41 25 350
41 26 65
41 27 374
41 28 72
41 29 531
41 30 417
41 31 424
41 32 426
41 33 551
41 34 265
41 35 366
41 36 364
41 37 368
41 38 448
41 39 395
41 40 323
