nnodes narcs type
18 306 digraph
nodename posx posy
0 317 676
17 219 565
1 224 818
9 441 563
2 233 683
10 267 509
3 663 974
11 806 385
4 826 373
12 386 112
5 671 607
13 612 624
6 471 232
14 951 80
7 691 112
15 698 112
8 829 496
16 1 641
tail head weight
0 1 235
0 2 91
0 3 644
0 4 812
0 5 423
0 6 598
0 7 938
0 8 692
0 9 237
0 10 217
0 11 780
0 12 633
0 13 347
0 14 1230
0 15 945
0 16 351
0 17 209
1 0 235
1 2 144
1 3 595
1 4 1047
1 5 658
1 6 833
1 7 1173
1 8 927
1 9 472
1 10 352
1 11 1015
1 12 868
1 13 582
1 14 1465
1 15 1180
1 16 400
1 17 258
2 0 91
2 1 144
2 3 721
2 4 903
2 5 514
2 6 689
2 7 1029
2 8 783
2 9 328
2 10 208
2 11 871
2 12 724
2 13 438
2 14 1321
2 15 1036
2 16 274
2 17 132
3 0 644
3 1 595
3 2 721
3 4 764
3 5 375
3 6 934
3 7 890
3 8 644
3 9 633
3 10 861
3 11 732
3 12 1139
3 13 401
3 14 1182
3 15 897
3 16 995
3 17 853
4 0 812
4 1 1047
4 2 903
4 3 764
4 5 389
4 6 496
4 7 396
4 8 126
4 9 575
4 10 695
4 11 32
4 12 701
4 13 465
4 14 418
4 15 389
4 16 1093
4 17 799
5 0 423
5 1 658
5 2 514
5 3 375
5 4 389
5 6 575
5 7 515
5 8 269
5 9 274
5 10 502
5 11 357
5 12 780
5 13 76
5 14 807
5 15 522
5 16 704
5 17 494
6 0 598
6 1 833
6 2 689
6 3 934
6 4 496
6 5 575
6 7 340
6 8 622
6 9 361
6 10 481
6 11 488
6 12 205
6 13 533
6 14 632
6 15 347
6 16 879
6 17 585
7 0 938
7 1 1173
7 2 1029
7 3 890
7 4 396
7 5 515
7 6 340
7 8 522
7 9 701
7 10 821
7 11 388
7 12 305
7 13 591
7 14 292
7 15 7
7 16 1219
7 17 925
8 0 692
8 1 927
8 2 783
8 3 644
8 4 126
8 5 269
8 6 622
8 7 522
8 9 455
8 10 575
8 11 134
8 12 827
8 13 345
8 14 538
8 15 515
8 16 973
8 17 679
9 0 237
9 1 472
9 2 328
9 3 633
9 4 575
9 5 274
9 6 361
9 7 701
9 8 455
9 10 228
9 11 543
9 12 506
9 13 232
9 14 993
9 15 708
9 16 518
9 17 224
10 0 217
10 1 352
10 2 208
10 3 861
10 4 695
10 5 502
10 6 481
10 7 821
10 8 575
10 9 228
10 11 663
10 12 516
10 13 460
10 14 1113
10 15 828
10 16 398
10 17 104
11 0 780
11 1 1015
11 2 871
11 3 732
11 4 32
11 5 357
11 6 488
11 7 388
11 8 134
11 9 543
11 10 663
11 12 693
11 13 433
11 14 450
11 15 381
11 16 1061
11 17 767
12 0 633
12 1 868
12 2 724
12 3 1139
12 4 701
12 5 780
12 6 205
12 7 305
12 8 827
12 9 506
12 10 516
12 11 693
12 13 738
12 14 597
12 15 312
12 16 914
12 17 620
13 0 347
13 1 582
13 2 438
13 3 401
13 4 465
13 5 76
13 6 533
13 7 591
13 8 345
13 9 232
13 10 460
13 11 433
13 12 738
13 14 883
13 15 598
13 16 628
13 17 452
14 0 1230
14 1 1465
14 2 1321
14 3 1182
14 4 418
14 5 807
14 6 632
14 7 292
14 8 538
14 9 993
14 10 1113
14 11 450
14 12 597
14 13 883
14 15 285
14 16 1511
14 17 1217
15 0 945
15 1 1180
15 2 1036
15 3 897
15 4 389
15 5 522
15 6 347
15 7 7
15 8 515
15 9 708
15 10 828
15 11 381
15 12 312
15 13 598
15 14 285
15 16 1226
15 17 932
16 0 351
16 1 400
16 2 274
16 3 995
16 4 1093
16 5 704
16 6 879
16 7 1219
16 8 973
16 9 518
16 10 398
16 11 1061
16 12 914
16 13 628
16 14 1511
16 15 1226
16 17 294
17 0 209
17 1 258
17 2 132
17 3 853
17 4 799
17 5 494
17 6 585
17 7 925
17 8 679
17 9 224
17 10 104
17 11 767
17 12 620
17 13 452
17 14 1217
17 15 932
17 16 294
