nnodes narcs type
20 380 digraph
nodename posx posy
0 262 763
19 111 509
1 143 345
10 207 130
2 623 571
11 403 151
3 880 1
12 53 119
4 896 303
13 672 919
5 253 651
14 627 586
6 452 36
15 624 967
7 159 8
16 419 421
8 232 98
17 103 851
9 658 815
18 253 226
tail head weight
0 1 537
0 2 553
0 3 1380
0 4 1094
0 5 121
0 6 917
0 7 858
0 8 695
0 9 448
0 10 688
0 11 753
0 12 853
0 13 566
0 14 542
0 15 566
0 16 499
0 17 247
0 18 546
0 19 405
1 0 537
1 2 706
1 3 1081
1 4 795
1 5 416
1 6 618
1 7 353
1 8 336
1 9 985
1 10 279
1 11 454
1 12 316
1 13 1103
1 14 725
1 15 1103
1 16 352
1 17 546
1 18 229
1 19 196
2 0 553
2 1 706
2 3 827
2 4 541
2 5 450
2 6 706
2 7 1027
2 8 864
2 9 279
2 10 857
2 11 640
2 12 1022
2 13 397
2 14 19
2 15 397
2 16 354
2 17 800
2 18 715
2 19 574
3 0 1380
3 1 1081
3 2 827
3 4 318
3 5 1277
3 6 463
3 7 728
3 8 745
3 9 1036
3 10 802
3 11 627
3 12 945
3 13 1126
3 14 838
3 15 1222
3 16 881
3 17 1627
3 18 852
3 19 1277
4 0 1094
4 1 795
4 2 541
4 3 318
4 5 991
4 6 711
4 7 1032
4 8 869
4 9 750
4 10 862
4 11 645
4 12 1027
4 13 840
4 14 552
4 15 936
4 16 595
4 17 1341
4 18 720
4 19 991
5 0 121
5 1 416
5 2 450
5 3 1277
5 4 991
5 6 814
5 7 737
5 8 574
5 9 569
5 10 567
5 11 650
5 12 732
5 13 687
5 14 439
5 15 687
5 16 396
5 17 350
5 18 425
5 19 284
6 0 917
6 1 618
6 2 706
6 3 463
6 4 711
6 5 814
6 7 321
6 8 282
6 9 985
6 10 339
6 11 164
6 12 482
6 13 1103
6 14 725
6 15 1103
6 16 418
6 17 1164
6 18 389
6 19 814
7 0 858
7 1 353
7 2 1027
7 3 728
7 4 1032
7 5 737
7 6 321
7 8 163
7 9 1306
7 10 170
7 11 387
7 12 217
7 13 1424
7 14 1046
7 15 1424
7 16 673
7 17 899
7 18 312
7 19 549
8 0 695
8 1 336
8 2 864
8 3 745
8 4 869
8 5 574
8 6 282
8 7 163
8 9 1143
8 10 57
8 11 224
8 12 200
8 13 1261
8 14 883
8 15 1261
8 16 510
8 17 882
8 18 149
8 19 532
9 0 448
9 1 985
9 2 279
9 3 1036
9 4 750
9 5 569
9 6 985
9 7 1306
9 8 1143
9 10 1136
9 11 919
9 12 1301
9 13 118
9 14 260
9 15 186
9 16 633
9 17 591
9 18 994
9 19 853
10 0 688
10 1 279
10 2 857
10 3 802
10 4 862
10 5 567
10 6 339
10 7 170
10 8 57
10 9 1136
10 11 217
10 12 165
10 13 1254
10 14 876
10 15 1254
10 16 503
10 17 825
10 18 142
10 19 475
11 0 753
11 1 454
11 2 640
11 3 627
11 4 645
11 5 650
11 6 164
11 7 387
11 8 224
11 9 919
11 10 217
11 12 382
11 13 1037
11 14 659
11 15 1037
11 16 286
11 17 1000
11 18 225
11 19 650
12 0 853
12 1 316
12 2 1022
12 3 945
12 4 1027
12 5 732
12 6 482
12 7 217
12 8 200
12 9 1301
12 10 165
12 11 382
12 13 1419
12 14 1041
12 15 1419
12 16 668
12 17 782
12 18 307
12 19 448
13 0 566
13 1 1103
13 2 397
13 3 1126
13 4 840
13 5 687
13 6 1103
13 7 1424
13 8 1261
13 9 118
13 10 1254
13 11 1037
13 12 1419
13 14 378
13 15 96
13 16 751
13 17 637
13 18 1112
13 19 971
14 0 542
14 1 725
14 2 19
14 3 838
14 4 552
14 5 439
14 6 725
14 7 1046
14 8 883
14 9 260
14 10 876
14 11 659
14 12 1041
14 13 378
14 15 384
14 16 373
14 17 789
14 18 734
14 19 593
15 0 566
15 1 1103
15 2 397
15 3 1222
15 4 936
15 5 687
15 6 1103
15 7 1424
15 8 1261
15 9 186
15 10 1254
15 11 1037
15 12 1419
15 13 96
15 14 384
15 16 751
15 17 637
15 18 1112
15 19 971
16 0 499
16 1 352
16 2 354
16 3 881
16 4 595
16 5 396
16 6 418
16 7 673
16 8 510
16 9 633
16 10 503
16 11 286
16 12 668
16 13 751
16 14 373
16 15 751
16 17 746
16 18 361
16 19 396
17 0 247
17 1 546
17 2 800
17 3 1627
17 4 1341
17 5 350
17 6 1164
17 7 899
17 8 882
17 9 591
17 10 825
17 11 1000
17 12 782
17 13 637
17 14 789
17 15 637
17 16 746
17 18 775
17 19 350
18 0 546
18 1 229
18 2 715
18 3 852
18 4 720
18 5 425
18 6 389
18 7 312
18 8 149
18 9 994
18 10 142
18 11 225
18 12 307
18 13 1112
18 14 734
18 15 1112
18 16 361
18 17 775
18 19 425
19 0 405
19 1 196
19 2 574
19 3 1277
19 4 991
19 5 284
19 6 814
19 7 549
19 8 532
19 9 853
19 10 475
19 11 650
19 12 448
19 13 971
19 14 593
19 15 971
19 16 396
19 17 350
19 18 425
