nnodes narcs type
20 380 digraph
nodename posx posy
0 472 98
19 669 37
1 152 860
10 815 915
2 913 895
11 503 895
3 877 337
12 391 134
4 705 821
13 194 400
5 162 719
14 639 32
6 956 680
15 687 459
7 995 160
16 954 882
8 579 800
17 469 374
9 397 276
18 21 749
tail head weight
0 1 827
0 2 911
0 3 471
0 4 760
0 5 695
0 6 757
0 7 527
0 8 711
0 9 194
0 10 887
0 11 798
0 12 89
0 13 411
0 14 180
0 15 421
0 16 921
0 17 277
0 18 792
0 19 207
1 0 827
1 2 762
1 3 894
1 4 555
1 5 142
1 6 824
1 7 1096
1 8 432
1 9 634
1 10 666
1 11 353
1 12 765
1 13 462
1 14 961
1 15 669
1 16 803
1 17 581
1 18 172
1 19 972
2 0 911
2 1 762
2 3 560
2 4 221
2 5 772
2 6 220
2 7 740
2 8 348
2 9 806
2 10 101
2 11 410
2 12 923
2 13 873
2 14 906
2 15 492
2 16 44
2 17 685
2 18 904
2 19 893
3 0 471
3 1 894
3 2 560
3 4 514
3 5 811
3 6 352
3 7 213
3 8 551
3 9 484
3 10 582
3 11 672
3 12 527
3 13 686
3 14 387
3 15 226
3 16 551
3 17 410
3 18 950
3 19 366
4 0 760
4 1 555
4 2 221
4 3 514
4 5 553
4 6 288
4 7 722
4 8 128
4 9 627
4 10 145
4 11 216
4 12 756
4 13 663
4 14 792
4 15 363
4 16 257
4 17 506
4 18 688
4 19 785
5 0 695
5 1 142
5 2 772
5 3 811
5 4 553
5 6 795
5 7 1004
5 8 425
5 9 502
5 10 682
5 11 384
5 12 629
5 13 321
5 14 837
5 15 586
5 16 809
5 17 462
5 18 145
5 19 850
6 0 757
6 1 824
6 2 220
6 3 352
6 4 288
6 5 795
6 7 522
6 8 396
6 9 690
6 10 275
6 11 502
6 12 786
6 13 812
6 14 722
6 15 349
6 16 203
6 17 576
6 18 938
6 19 705
7 0 527
7 1 1096
7 2 740
7 3 213
7 4 722
7 5 1004
7 6 522
7 8 764
7 9 610
7 10 777
7 11 885
7 12 605
7 13 837
7 14 379
7 15 430
7 16 724
7 17 568
7 18 1139
7 19 349
8 0 711
8 1 432
8 2 348
8 3 551
8 4 128
8 5 425
8 6 396
8 7 764
8 9 555
8 10 263
8 11 122
8 12 693
8 13 556
8 14 771
8 15 358
8 16 384
8 17 440
8 18 561
8 19 769
9 0 194
9 1 634
9 2 806
9 3 484
9 4 627
9 5 502
9 6 690
9 7 610
9 8 555
9 10 764
9 11 629
9 12 143
9 13 238
9 14 344
9 15 343
9 16 824
9 17 122
9 18 605
9 19 363
10 0 887
10 1 666
10 2 101
10 3 582
10 4 145
10 5 682
10 6 275
10 7 777
10 8 263
10 9 764
10 11 313
10 12 889
10 13 807
10 14 901
10 15 474
10 16 143
10 17 643
10 18 812
10 19 891
11 0 798
11 1 353
11 2 410
11 3 672
11 4 216
11 5 384
11 6 502
11 7 885
11 8 122
11 9 629
11 10 313
11 12 770
11 13 584
11 14 874
11 15 474
11 16 452
11 17 523
11 18 504
11 19 874
12 0 89
12 1 765
12 2 923
12 3 527
12 4 756
12 5 629
12 6 786
12 7 605
12 8 693
12 9 143
12 10 889
12 11 770
12 13 332
12 14 269
12 15 440
12 16 937
12 17 253
12 18 718
12 19 295
13 0 411
13 1 462
13 2 873
13 3 686
13 4 663
13 5 321
13 6 812
13 7 837
13 8 556
13 9 238
13 10 807
13 11 584
13 12 332
13 14 578
13 15 497
13 16 900
13 17 277
13 18 390
13 19 598
14 0 180
14 1 961
14 2 906
14 3 387
14 4 792
14 5 837
14 6 722
14 7 379
14 8 771
14 9 344
14 10 901
14 11 874
14 12 269
14 13 578
14 15 430
14 16 907
14 17 382
14 18 947
14 19 31
15 0 421
15 1 669
15 2 492
15 3 226
15 4 363
15 5 586
15 6 349
15 7 430
15 8 358
15 9 343
15 10 474
15 11 474
15 12 440
15 13 497
15 14 430
15 16 501
15 17 234
15 18 727
15 19 423
16 0 921
16 1 803
16 2 44
16 3 551
16 4 257
16 5 809
16 6 203
16 7 724
16 8 384
16 9 824
16 10 143
16 11 452
16 12 937
16 13 900
16 14 907
16 15 501
16 17 703
16 18 943
16 19 892
17 0 277
17 1 581
17 2 685
17 3 410
17 4 506
17 5 462
17 6 576
17 7 568
17 8 440
17 9 122
17 10 643
17 11 523
17 12 253
17 13 277
17 14 382
17 15 234
17 16 703
17 18 585
17 19 392
18 0 792
18 1 172
18 2 904
18 3 950
18 4 688
18 5 145
18 6 938
18 7 1139
18 8 561
18 9 605
18 10 812
18 11 504
18 12 718
18 13 390
18 14 947
18 15 727
18 16 943
18 17 585
18 19 963
19 0 207
19 1 972
19 2 893
19 3 366
19 4 785
19 5 850
19 6 705
19 7 349
19 8 769
19 9 363
19 10 891
19 11 874
19 12 295
19 13 598
19 14 31
19 15 423
19 16 892
19 17 392
19 18 963
