nnodes narcs type
14 182 digraph
nodename posx posy
0 555 161
13 379 492
1 201 957
7 295 724
2 995 269
8 719 748
3 862 815
9 337 878
4 270 455
10 52 791
5 461 726
11 921 216
6 251 701
12 763 187
tail head weight
0 1 872
0 2 454
0 3 723
0 4 410
0 5 573
0 6 620
0 7 621
0 8 610
0 9 750
0 10 807
0 11 371
0 12 210
0 13 375
1 0 872
1 2 1051
1 3 677
1 4 507
1 5 348
1 6 261
1 7 252
1 8 559
1 9 158
1 10 224
1 11 1034
1 12 954
1 13 498
2 0 454
2 1 1051
2 3 562
2 4 749
2 5 703
2 6 861
2 7 835
2 8 553
2 9 897
2 10 1078
2 11 92
2 12 247
2 13 656
3 0 723
3 1 677
3 2 562
3 4 693
3 5 411
3 6 622
3 7 575
3 8 158
3 9 529
3 10 811
3 11 602
3 12 636
3 13 582
4 0 410
4 1 507
4 2 749
4 3 693
4 5 332
4 6 247
4 7 271
4 8 537
4 9 429
4 10 401
4 11 694
4 12 562
4 13 116
5 0 573
5 1 348
5 2 703
5 3 411
5 4 332
5 6 212
5 7 167
5 8 259
5 9 197
5 10 415
5 11 687
5 12 618
5 13 248
6 0 620
6 1 261
6 2 861
6 3 622
6 4 247
6 5 212
6 7 50
6 8 471
6 9 197
6 10 219
6 11 828
6 12 726
6 13 246
7 0 621
7 1 252
7 2 835
7 3 575
7 4 271
7 5 167
7 6 50
7 8 425
7 9 160
7 10 253
7 11 807
7 12 713
7 13 247
8 0 610
8 1 559
8 2 553
8 3 158
8 4 537
8 5 259
8 6 471
8 7 425
8 9 404
8 10 669
8 11 570
8 12 563
8 13 426
9 0 750
9 1 158
9 2 897
9 3 529
9 4 429
9 5 197
9 6 197
9 7 160
9 8 404
9 10 298
9 11 883
9 12 812
9 13 389
10 0 807
10 1 224
10 2 1078
10 3 811
10 4 401
10 5 415
10 6 219
10 7 253
10 8 669
10 9 298
10 11 1043
10 12 933
10 13 444
11 0 371
11 1 1034
11 2 92
11 3 602
11 4 694
11 5 687
11 6 828
11 7 807
11 8 570
11 9 883
11 10 1043
11 12 161
11 13 609
12 0 210
12 1 954
12 2 247
12 3 636
12 4 562
12 5 618
12 6 726
12 7 713
12 8 563
12 9 812
12 10 933
12 11 161
12 13 491
13 0 375
13 1 498
13 2 656
13 3 582
13 4 116
13 5 248
13 6 246
13 7 247
13 8 426
13 9 389
13 10 444
13 11 609
13 12 491
