nnodes narcs type
18 306 digraph
nodename posx posy
0 186 325
17 297 610
1 463 348
9 488 928
2 770 659
10 935 639
3 763 954
11 550 337
4 931 402
12 871 640
5 345 962
13 778 987
6 510 146
14 952 472
7 147 863
15 945 150
8 710 819
16 414 989
tail head weight
0 1 277
0 2 584
0 3 629
0 4 745
0 5 637
0 6 324
0 7 538
0 8 524
0 9 603
0 10 749
0 11 364
0 12 685
0 13 662
0 14 766
0 15 759
0 16 664
0 17 285
1 0 277
1 2 311
1 3 606
1 4 468
1 5 614
1 6 202
1 7 515
1 8 471
1 9 580
1 10 472
1 11 87
1 12 408
1 13 639
1 14 489
1 15 482
1 16 641
1 17 262
2 0 584
2 1 311
2 3 295
2 4 257
2 5 425
2 6 513
2 7 623
2 8 160
2 9 282
2 10 165
2 11 322
2 12 101
2 13 328
2 14 187
2 15 509
2 16 356
2 17 473
3 0 629
3 1 606
3 2 295
3 4 552
3 5 418
3 6 808
3 7 616
3 8 135
3 9 275
3 10 315
3 11 617
3 12 314
3 13 33
3 14 482
3 15 804
3 16 349
3 17 466
4 0 745
4 1 468
4 2 257
4 3 552
4 5 586
4 6 421
4 7 784
4 8 417
4 9 526
4 10 237
4 11 381
4 12 238
4 13 585
4 14 70
4 15 252
4 16 587
4 17 634
5 0 637
5 1 614
5 2 425
5 3 418
5 4 586
5 6 816
5 7 198
5 8 365
5 9 143
5 10 590
5 11 625
5 12 526
5 13 433
5 14 607
5 15 812
5 16 69
5 17 352
6 0 324
6 1 202
6 2 513
6 3 808
6 4 421
6 5 816
6 7 717
6 8 673
6 9 782
6 10 493
6 11 191
6 12 494
6 13 841
6 14 442
6 15 435
6 16 843
6 17 464
7 0 538
7 1 515
7 2 623
7 3 616
7 4 784
7 5 198
7 6 717
7 8 563
7 9 341
7 10 788
7 11 526
7 12 724
7 13 631
7 14 805
7 15 798
7 16 267
7 17 253
8 0 524
8 1 471
8 2 160
8 3 135
8 4 417
8 5 365
8 6 673
8 7 563
8 9 222
8 10 225
8 11 482
8 12 179
8 13 168
8 14 347
8 15 669
8 16 296
8 17 413
9 0 603
9 1 580
9 2 282
9 3 275
9 4 526
9 5 143
9 6 782
9 7 341
9 8 222
9 10 447
9 11 591
9 12 383
9 13 290
9 14 464
9 15 778
9 16 74
9 17 318
10 0 749
10 1 472
10 2 165
10 3 315
10 4 237
10 5 590
10 6 493
10 7 788
10 8 225
10 9 447
10 11 385
10 12 64
10 13 348
10 14 167
10 15 489
10 16 521
10 17 638
11 0 364
11 1 87
11 2 322
11 3 617
11 4 381
11 5 625
11 6 191
11 7 526
11 8 482
11 9 591
11 10 385
11 12 321
11 13 650
11 14 402
11 15 395
11 16 652
11 17 273
12 0 685
12 1 408
12 2 101
12 3 314
12 4 238
12 5 526
12 6 494
12 7 724
12 8 179
12 9 383
12 10 64
12 11 321
12 13 347
12 14 168
12 15 490
12 16 457
12 17 574
13 0 662
13 1 639
13 2 328
13 3 33
13 4 585
13 5 433
13 6 841
13 7 631
13 8 168
13 9 290
13 10 348
13 11 650
13 12 347
13 14 515
13 15 837
13 16 364
13 17 481
14 0 766
14 1 489
14 2 187
14 3 482
14 4 70
14 5 607
14 6 442
14 7 805
14 8 347
14 9 464
14 10 167
14 11 402
14 12 168
14 13 515
14 15 322
14 16 538
14 17 655
15 0 759
15 1 482
15 2 509
15 3 804
15 4 252
15 5 812
15 6 435
15 7 798
15 8 669
15 9 778
15 10 489
15 11 395
15 12 490
15 13 837
15 14 322
15 16 839
15 17 648
16 0 664
16 1 641
16 2 356
16 3 349
16 4 587
16 5 69
16 6 843
16 7 267
16 8 296
16 9 74
16 10 521
16 11 652
16 12 457
16 13 364
16 14 538
16 15 839
16 17 379
17 0 285
17 1 262
17 2 473
17 3 466
17 4 634
17 5 352
17 6 464
17 7 253
17 8 413
17 9 318
17 10 638
17 11 273
17 12 574
17 13 481
17 14 655
17 15 648
17 16 379
