nnodes narcs type
16 240 digraph
nodename posx posy
0 573 952
15 410 648
1 645 795
8 189 224
2 27 619
9 384 376
3 555 339
10 282 957
4 797 957
11 632 627
5 330 639
12 972 744
6 505 347
13 258 358
7 472 230
14 709 455
tail head weight
0 1 157
0 2 546
0 3 613
0 4 224
0 5 313
0 6 605
0 7 722
0 8 728
0 9 576
0 10 291
0 11 325
0 12 399
0 13 594
0 14 497
0 15 304
1 0 157
1 2 618
1 3 456
1 4 162
1 5 315
1 6 448
1 7 565
1 8 571
1 9 419
1 10 363
1 11 168
1 12 327
1 13 437
1 14 340
1 15 235
2 0 546
2 1 618
2 3 528
2 4 770
2 5 303
2 6 478
2 7 445
2 8 395
2 9 357
2 10 338
2 11 605
2 12 945
2 13 261
2 14 682
2 15 383
3 0 613
3 1 456
3 2 528
3 4 618
3 5 300
3 6 50
3 7 109
3 8 366
3 9 171
3 10 618
3 11 288
3 12 417
3 13 297
3 14 154
3 15 309
4 0 224
4 1 162
4 2 770
4 3 618
4 5 467
4 6 610
4 7 727
4 8 733
4 9 581
4 10 515
4 11 330
4 12 213
4 13 599
4 14 502
4 15 387
5 0 313
5 1 315
5 2 303
5 3 300
5 4 467
5 6 292
5 7 409
5 8 415
5 9 263
5 10 318
5 11 302
5 12 642
5 13 281
5 14 379
5 15 80
6 0 605
6 1 448
6 2 478
6 3 50
6 4 610
6 5 292
6 7 117
6 8 316
6 9 121
6 10 610
6 11 280
6 12 467
6 13 247
6 14 204
6 15 301
7 0 722
7 1 565
7 2 445
7 3 109
7 4 727
7 5 409
7 6 117
7 8 283
7 9 146
7 10 727
7 11 397
7 12 514
7 13 214
7 14 237
7 15 418
8 0 728
8 1 571
8 2 395
8 3 366
8 4 733
8 5 415
8 6 316
8 7 283
8 9 195
8 10 733
8 11 443
8 12 783
8 13 134
8 14 520
8 15 424
9 0 576
9 1 419
9 2 357
9 3 171
9 4 581
9 5 263
9 6 121
9 7 146
9 8 195
9 10 581
9 11 251
9 12 588
9 13 126
9 14 325
9 15 272
10 0 291
10 1 363
10 2 338
10 3 618
10 4 515
10 5 318
10 6 610
10 7 727
10 8 733
10 9 581
10 11 350
10 12 690
10 13 599
10 14 502
10 15 309
11 0 325
11 1 168
11 2 605
11 3 288
11 4 330
11 5 302
11 6 280
11 7 397
11 8 443
11 9 251
11 10 350
11 12 340
11 13 374
11 14 172
11 15 222
12 0 399
12 1 327
12 2 945
12 3 417
12 4 213
12 5 642
12 6 467
12 7 514
12 8 783
12 9 588
12 10 690
12 11 340
12 13 714
12 14 289
12 15 562
13 0 594
13 1 437
13 2 261
13 3 297
13 4 599
13 5 281
13 6 247
13 7 214
13 8 134
13 9 126
13 10 599
13 11 374
13 12 714
13 14 451
13 15 290
14 0 497
14 1 340
14 2 682
14 3 154
14 4 502
14 5 379
14 6 204
14 7 237
14 8 520
14 9 325
14 10 502
14 11 172
14 12 289
14 13 451
14 15 299
15 0 304
15 1 235
15 2 383
15 3 309
15 4 387
15 5 80
15 6 301
15 7 418
15 8 424
15 9 272
15 10 309
15 11 222
15 12 562
15 13 290
15 14 299
