nnodes narcs type
20 380 digraph
nodename posx posy
0 229 364
19 496 301
1 562 437
10 546 191
2 775 282
11 48 511
3 26 225
12 16 171
4 276 797
13 219 157
5 608 283
14 476 45
6 878 959
15 372 517
7 480 452
16 98 891
8 828 815
17 744 36
9 658 515
18 279 348
tail head weight
0 1 333
0 2 546
0 3 203
0 4 433
0 5 379
0 6 649
0 7 251
0 8 599
0 9 429
0 10 317
0 11 181
0 12 213
0 13 207
0 14 319
0 15 153
0 16 527
0 17 515
0 18 50
0 19 267
1 0 333
1 2 213
1 3 536
1 4 360
1 5 154
1 6 522
1 7 82
1 8 378
1 9 96
1 10 246
1 11 514
1 12 546
1 13 343
1 14 392
1 15 190
1 16 464
1 17 401
1 18 283
1 19 136
2 0 546
2 1 213
2 3 749
2 4 515
2 5 167
2 6 677
2 7 295
2 8 533
2 9 233
2 10 229
2 11 727
2 12 759
2 13 556
2 14 299
2 15 403
2 16 677
2 17 246
2 18 496
2 19 279
3 0 203
3 1 536
3 2 749
3 4 572
3 5 582
3 6 852
3 7 454
3 8 802
3 9 632
3 10 520
3 11 286
3 12 54
3 13 193
3 14 450
3 15 346
3 16 666
3 17 718
3 18 253
3 19 470
4 0 433
4 1 360
4 2 515
4 3 572
4 5 514
4 6 602
4 7 345
4 8 552
4 9 382
4 10 606
4 11 286
4 12 626
4 13 640
4 14 752
4 15 280
4 16 178
4 17 761
4 18 449
4 19 496
5 0 379
5 1 154
5 2 167
5 3 582
5 4 514
5 6 676
5 7 169
5 8 532
5 9 232
5 10 92
5 11 560
5 12 592
5 13 389
5 14 238
5 15 236
5 16 608
5 17 247
5 18 329
5 19 112
6 0 649
6 1 522
6 2 677
6 3 852
6 4 602
6 5 676
6 7 507
6 8 144
6 9 444
6 10 768
6 11 830
6 12 862
6 13 802
6 14 914
6 15 506
6 16 780
6 17 923
6 18 611
6 19 658
7 0 251
7 1 82
7 2 295
7 3 454
7 4 345
7 5 169
7 6 507
7 8 363
7 9 178
7 10 261
7 11 432
7 12 464
7 13 295
7 14 407
7 15 108
7 16 439
7 17 416
7 18 201
7 19 151
8 0 599
8 1 378
8 2 533
8 3 802
8 4 552
8 5 532
8 6 144
8 7 363
8 9 300
8 10 624
8 11 780
8 12 812
8 13 658
8 14 770
8 15 456
8 16 730
8 17 779
8 18 549
8 19 514
9 0 429
9 1 96
9 2 233
9 3 632
9 4 382
9 5 232
9 6 444
9 7 178
9 8 300
9 10 324
9 11 610
9 12 642
9 13 439
9 14 470
9 15 286
9 16 560
9 17 479
9 18 379
9 19 214
10 0 317
10 1 246
10 2 229
10 3 520
10 4 606
10 5 92
10 6 768
10 7 261
10 8 624
10 9 324
10 11 498
10 12 530
10 13 327
10 14 146
10 15 326
10 16 700
10 17 198
10 18 267
10 19 110
11 0 181
11 1 514
11 2 727
11 3 286
11 4 286
11 5 560
11 6 830
11 7 432
11 8 780
11 9 610
11 10 498
11 12 340
11 13 354
11 14 466
11 15 324
11 16 380
11 17 696
11 18 231
11 19 448
12 0 213
12 1 546
12 2 759
12 3 54
12 4 626
12 5 592
12 6 862
12 7 464
12 8 812
12 9 642
12 10 530
12 11 340
12 13 203
12 14 460
12 15 356
12 16 720
12 17 728
12 18 263
12 19 480
13 0 207
13 1 343
13 2 556
13 3 193
13 4 640
13 5 389
13 6 802
13 7 295
13 8 658
13 9 439
13 10 327
13 11 354
13 12 203
13 14 257
13 15 360
13 16 734
13 17 525
13 18 191
13 19 277
14 0 319
14 1 392
14 2 299
14 3 450
14 4 752
14 5 238
14 6 914
14 7 407
14 8 770
14 9 470
14 10 146
14 11 466
14 12 460
14 13 257
14 15 472
14 16 846
14 17 268
14 18 303
14 19 256
15 0 153
15 1 190
15 2 403
15 3 346
15 4 280
15 5 236
15 6 506
15 7 108
15 8 456
15 9 286
15 10 326
15 11 324
15 12 356
15 13 360
15 14 472
15 16 374
15 17 481
15 18 169
15 19 216
16 0 527
16 1 464
16 2 677
16 3 666
16 4 178
16 5 608
16 6 780
16 7 439
16 8 730
16 9 560
16 10 700
16 11 380
16 12 720
16 13 734
16 14 846
16 15 374
16 17 855
16 18 543
16 19 590
17 0 515
17 1 401
17 2 246
17 3 718
17 4 761
17 5 247
17 6 923
17 7 416
17 8 779
17 9 479
17 10 198
17 11 696
17 12 728
17 13 525
17 14 268
17 15 481
17 16 855
17 18 465
17 19 265
18 0 50
18 1 283
18 2 496
18 3 253
18 4 449
18 5 329
18 6 611
18 7 201
18 8 549
18 9 379
18 10 267
18 11 231
18 12 263
18 13 191
18 14 303
18 15 169
18 16 543
18 17 465
18 19 217
19 0 267
19 1 136
19 2 279
19 3 470
19 4 496
19 5 112
19 6 658
19 7 151
19 8 514
19 9 214
19 10 110
19 11 448
19 12 480
19 13 277
19 14 256
19 15 216
19 16 590
19 17 265
19 18 217
