nnodes narcs type
16 240 digraph
nodename posx posy
0 839 779
15 392 206
1 929 32
8 960 738
2 47 502
9 612 942
3 406 573
10 461 642
4 727 804
11 768 4
5 98 683
12 217 502
6 871 725
13 766 397
7 986 546
14 870 794
tail head weight
0 1 837
0 2 1069
0 3 639
0 4 137
0 5 837
0 6 86
0 7 380
0 8 162
0 9 390
0 10 515
0 11 846
0 12 899
0 13 455
0 14 46
0 15 1020
1 0 837
1 2 1352
1 3 1064
1 4 974
1 5 1482
1 6 751
1 7 571
1 8 737
1 9 1227
1 10 1078
1 11 189
1 12 1182
1 13 528
1 14 821
1 15 711
2 0 1069
2 1 1352
2 3 430
2 4 982
2 5 232
2 6 1047
2 7 983
2 8 1149
2 9 1005
2 10 554
2 11 1219
2 12 170
2 13 824
2 14 1115
2 15 641
3 0 639
3 1 1064
3 2 430
3 4 552
3 5 418
3 6 617
3 7 607
3 8 719
3 9 575
3 10 124
3 11 931
3 12 260
3 13 536
3 14 685
3 15 381
4 0 137
4 1 974
4 2 982
4 3 552
4 5 750
4 6 223
4 7 517
4 8 299
4 9 253
4 10 428
4 11 841
4 12 812
4 13 446
4 14 153
4 15 933
5 0 837
5 1 1482
5 2 232
5 3 418
5 4 750
5 6 815
5 7 1025
5 8 917
5 9 773
5 10 404
5 11 1349
5 12 300
5 13 954
5 14 883
5 15 771
6 0 86
6 1 751
6 2 1047
6 3 617
6 4 223
6 5 815
6 7 294
6 8 102
6 9 476
6 10 493
6 11 824
6 12 877
6 13 433
6 14 70
6 15 998
7 0 380
7 1 571
7 2 983
7 3 607
7 4 517
7 5 1025
7 6 294
7 8 218
7 9 770
7 10 621
7 11 760
7 12 813
7 13 369
7 14 364
7 15 934
8 0 162
8 1 737
8 2 1149
8 3 719
8 4 299
8 5 917
8 6 102
8 7 218
8 9 552
8 10 595
8 11 926
8 12 979
8 13 535
8 14 146
8 15 1100
9 0 390
9 1 1227
9 2 1005
9 3 575
9 4 253
9 5 773
9 6 476
9 7 770
9 8 552
9 10 451
9 11 1094
9 12 835
9 13 699
9 14 406
9 15 956
10 0 515
10 1 1078
10 2 554
10 3 124
10 4 428
10 5 404
10 6 493
10 7 621
10 8 595
10 9 451
10 11 945
10 12 384
10 13 550
10 14 561
10 15 505
11 0 846
11 1 189
11 2 1219
11 3 931
11 4 841
11 5 1349
11 6 824
11 7 760
11 8 926
11 9 1094
11 10 945
11 12 1049
11 13 395
11 14 892
11 15 578
12 0 899
12 1 1182
12 2 170
12 3 260
12 4 812
12 5 300
12 6 877
12 7 813
12 8 979
12 9 835
12 10 384
12 11 1049
12 13 654
12 14 945
12 15 471
13 0 455
13 1 528
13 2 824
13 3 536
13 4 446
13 5 954
13 6 433
13 7 369
13 8 535
13 9 699
13 10 550
13 11 395
13 12 654
13 14 501
13 15 565
14 0 46
14 1 821
14 2 1115
14 3 685
14 4 153
14 5 883
14 6 70
14 7 364
14 8 146
14 9 406
14 10 561
14 11 892
14 12 945
14 13 501
14 15 1066
15 0 1020
15 1 711
15 2 641
15 3 381
15 4 933
15 5 771
15 6 998
15 7 934
15 8 1100
15 9 956
15 10 505
15 11 578
15 12 471
15 13 565
15 14 1066
