nnodes narcs type
12 132 digraph
nodename posx posy
0 102 435
11 769 343
1 860 270
6 330 458
2 106 71
7 87 372
3 700 20
8 99 871
4 614 121
9 663 130
5 466 214
10 661 308
tail head weight
0 1 923
0 2 368
0 3 1013
0 4 826
0 5 585
0 6 251
0 7 78
0 8 439
0 9 866
0 10 686
0 11 759
1 0 923
1 2 953
1 3 410
1 4 395
1 5 450
1 6 718
1 7 875
1 8 1362
1 9 337
1 10 237
1 11 164
2 0 368
2 1 953
2 3 645
2 4 558
2 5 503
2 6 611
2 7 320
2 8 807
2 9 616
2 10 792
2 11 935
3 0 1013
3 1 410
3 2 645
3 4 187
3 5 428
3 6 808
3 7 965
3 8 1452
3 9 147
3 10 327
3 11 392
4 0 826
4 1 395
4 2 558
4 3 187
4 5 241
4 6 621
4 7 778
4 8 1265
4 9 58
4 10 234
4 11 377
5 0 585
5 1 450
5 2 503
5 3 428
5 4 241
5 6 380
5 7 537
5 8 1024
5 9 281
5 10 289
5 11 432
6 0 251
6 1 718
6 2 611
6 3 808
6 4 621
6 5 380
6 7 329
6 8 644
6 9 661
6 10 481
6 11 554
7 0 78
7 1 875
7 2 320
7 3 965
7 4 778
7 5 537
7 6 329
7 8 511
7 9 818
7 10 638
7 11 711
8 0 439
8 1 1362
8 2 807
8 3 1452
8 4 1265
8 5 1024
8 6 644
8 7 511
8 9 1305
8 10 1125
8 11 1198
9 0 866
9 1 337
9 2 616
9 3 147
9 4 58
9 5 281
9 6 661
9 7 818
9 8 1305
9 10 180
9 11 319
10 0 686
10 1 237
10 2 792
10 3 327
10 4 234
10 5 289
10 6 481
10 7 638
10 8 1125
10 9 180
10 11 143
11 0 759
11 1 164
11 2 935
11 3 392
11 4 377
11 5 432
11 6 554
11 7 711
11 8 1198
11 9 319
11 10 143
