nnodes narcs type
32 992 digraph
nodename posx posy
0 392 907
31 179 222
1 640 57
16 85 696
2 633 512
17 284 973
3 750 801
18 219 68
4 95 637
19 46 93
5 117 559
20 749 957
6 600 487
21 452 203
7 236 884
22 911 217
8 896 271
23 473 431
9 188 998
24 340 550
10 703 446
25 611 288
11 580 789
26 253 733
12 860 246
27 356 22
13 962 75
28 761 521
14 153 655
29 757 836
15 434 996
30 99 801
tail head weight
0 1 1098
0 2 636
0 3 464
0 4 567
0 5 623
0 6 628
0 7 179
0 8 1140
0 9 295
0 10 772
0 11 306
0 12 1129
0 13 1402
0 14 491
0 15 131
0 16 518
0 17 174
0 18 1012
0 19 1160
0 20 407
0 21 764
0 22 1209
0 23 557
0 24 409
0 25 838
0 26 313
0 27 921
0 28 755
0 29 436
0 30 399
0 31 898
1 0 1098
1 2 462
1 3 854
1 4 1125
1 5 1025
1 6 470
1 7 1231
1 8 470
1 9 1393
1 10 452
1 11 792
1 12 409
1 13 340
1 14 1085
1 15 1145
1 16 1194
1 17 1272
1 18 432
1 19 630
1 20 1009
1 21 334
1 22 431
1 23 541
1 24 793
1 25 260
1 26 1063
1 27 319
1 28 585
1 29 896
1 30 1285
1 31 626
2 0 636
2 1 462
2 3 406
2 4 663
2 5 563
2 6 58
2 7 769
2 8 504
2 9 931
2 10 136
2 11 330
2 12 493
2 13 766
2 14 623
2 15 683
2 16 732
2 17 810
2 18 858
2 19 1006
2 20 561
2 21 490
2 22 573
2 23 241
2 24 331
2 25 246
2 26 601
2 27 767
2 28 137
2 29 448
2 30 823
2 31 744
3 0 464
3 1 854
3 2 406
3 4 819
3 5 875
3 6 464
3 7 597
3 8 676
3 9 759
3 10 402
3 11 182
3 12 665
3 13 938
3 14 743
3 15 511
3 16 770
3 17 638
3 18 1264
3 19 1412
3 20 157
3 21 896
3 22 745
3 23 647
3 24 661
3 25 652
3 26 565
3 27 1173
3 28 291
3 29 42
3 30 651
3 31 1150
4 0 567
4 1 1125
4 2 663
4 3 819
4 5 100
4 6 655
4 7 388
4 8 1167
4 9 454
4 10 799
4 11 637
4 12 1156
4 13 1429
4 14 76
4 15 698
4 16 69
4 17 525
4 18 693
4 19 593
4 20 974
4 21 791
4 22 1236
4 23 584
4 24 332
4 25 865
4 26 254
4 27 876
4 28 782
4 29 861
4 30 168
4 31 499
5 0 623
5 1 1025
5 2 563
5 3 875
5 4 100
5 6 555
5 7 444
5 8 1067
5 9 510
5 10 699
5 11 693
5 12 1056
5 13 1329
5 14 132
5 15 754
5 16 169
5 17 581
5 18 593
5 19 537
5 20 1030
5 21 691
5 22 1136
5 23 484
5 24 232
5 25 765
5 26 310
5 27 776
5 28 682
5 29 917
5 30 260
5 31 399
6 0 628
6 1 470
6 2 58
6 3 464
6 4 655
6 5 555
6 7 761
6 8 512
6 9 923
6 10 144
6 11 322
6 12 501
6 13 774
6 14 615
6 15 675
6 16 724
6 17 802
6 18 800
6 19 948
6 20 619
6 21 432
6 22 581
6 23 183
6 24 323
6 25 210
6 26 593
6 27 709
6 28 195
6 29 506
6 30 815
6 31 686
7 0 179
7 1 1231
7 2 769
7 3 597
7 4 388
7 5 444
7 6 761
7 8 1273
7 9 162
7 10 905
7 11 439
7 12 1262
7 13 1535
7 14 312
7 15 310
7 16 339
7 17 137
7 18 833
7 19 981
7 20 586
7 21 897
7 22 1342
7 23 690
7 24 438
7 25 971
7 26 168
7 27 982
7 28 888
7 29 569
7 30 220
7 31 719
8 0 1140
8 1 470
8 2 504
8 3 676
8 4 1167
8 5 1067
8 6 512
8 7 1273
8 9 1435
8 10 368
8 11 834
8 12 61
8 13 262
8 14 1127
8 15 1187
8 16 1236
8 17 1314
8 18 880
8 19 1028
8 20 833
8 21 512
8 22 69
8 23 583
8 24 835
8 25 302
8 26 1105
8 27 789
8 28 385
8 29 704
8 30 1327
8 31 766
9 0 295
9 1 1393
9 2 931
9 3 759
9 4 454
9 5 510
9 6 923
9 7 162
9 8 1435
9 10 1067
9 11 601
9 12 1424
9 13 1697
9 14 378
9 15 248
9 16 405
9 17 121
9 18 961
9 19 1047
9 20 602
9 21 1059
9 22 1504
9 23 852
9 24 600
9 25 1133
9 26 330
9 27 1144
9 28 1050
9 29 731
9 30 286
9 31 785
10 0 772
10 1 452
10 2 136
10 3 402
10 4 799
10 5 699
10 6 144
10 7 905
10 8 368
10 9 1067
10 11 466
10 12 357
10 13 630
10 14 759
10 15 819
10 16 868
10 17 946
10 18 862
10 19 1010
10 20 557
10 21 494
10 22 437
10 23 245
10 24 467
10 25 250
10 26 737
10 27 771
10 28 133
10 29 444
10 30 959
10 31 748
11 0 306
11 1 792
11 2 330
11 3 182
11 4 637
11 5 693
11 6 322
11 7 439
11 8 834
11 9 601
11 10 466
11 12 823
11 13 1096
11 14 561
11 15 353
11 16 588
11 17 480
11 18 1082
11 19 1230
11 20 337
11 21 714
11 22 903
11 23 465
11 24 479
11 25 532
11 26 383
11 27 991
11 28 449
11 29 224
11 30 493
11 31 968
12 0 1129
12 1 409
12 2 493
12 3 665
12 4 1156
12 5 1056
12 6 501
12 7 1262
12 8 61
12 9 1424
12 10 357
12 11 823
12 13 273
12 14 1116
12 15 1176
12 16 1225
12 17 1303
12 18 819
12 19 967
12 20 822
12 21 451
12 22 80
12 23 572
12 24 824
12 25 291
12 26 1094
12 27 728
12 28 374
12 29 693
12 30 1316
12 31 705
13 0 1402
13 1 340
13 2 766
13 3 938
13 4 1429
13 5 1329
13 6 774
13 7 1535
13 8 262
13 9 1697
13 10 630
13 11 1096
13 12 273
13 14 1389
13 15 1449
13 16 1498
13 17 1576
13 18 750
13 19 934
13 20 1095
13 21 638
13 22 193
13 23 845
13 24 1097
13 25 564
13 26 1367
13 27 659
13 28 647
13 29 966
13 30 1589
13 31 930
14 0 491
14 1 1085
14 2 623
14 3 743
14 4 76
14 5 132
14 6 615
14 7 312
14 8 1127
14 9 378
14 10 759
14 11 561
14 12 1116
14 13 1389
14 15 622
14 16 109
14 17 449
14 18 653
14 19 669
14 20 898
14 21 751
14 22 1196
14 23 544
14 24 292
14 25 825
14 26 178
14 27 836
14 28 742
14 29 785
14 30 200
14 31 459
15 0 131
15 1 1145
15 2 683
15 3 511
15 4 698
15 5 754
15 6 675
15 7 310
15 8 1187
15 9 248
15 10 819
15 11 353
15 12 1176
15 13 1449
15 14 622
15 16 649
15 17 173
15 18 1143
15 19 1291
15 20 354
15 21 811
15 22 1256
15 23 604
15 24 540
15 25 885
15 26 444
15 27 1052
15 28 802
15 29 483
15 30 530
15 31 1029
16 0 518
16 1 1194
16 2 732
16 3 770
16 4 69
16 5 169
16 6 724
16 7 339
16 8 1236
16 9 405
16 10 868
16 11 588
16 12 1225
16 13 1498
16 14 109
16 15 649
16 17 476
16 18 762
16 19 642
16 20 925
16 21 860
16 22 1305
16 23 653
16 24 401
16 25 934
16 26 205
16 27 945
16 28 851
16 29 812
16 30 119
16 31 568
17 0 174
17 1 1272
17 2 810
17 3 638
17 4 525
17 5 581
17 6 802
17 7 137
17 8 1314
17 9 121
17 10 946
17 11 480
17 12 1303
17 13 1576
17 14 449
17 15 173
17 16 476
17 18 970
17 19 1118
17 20 481
17 21 938
17 22 1383
17 23 731
17 24 479
17 25 1012
17 26 271
17 27 1023
17 28 929
17 29 610
17 30 357
17 31 856
18 0 1012
18 1 432
18 2 858
18 3 1264
18 4 693
18 5 593
18 6 800
18 7 833
18 8 880
18 9 961
18 10 862
18 11 1082
18 12 819
18 13 750
18 14 653
18 15 1143
18 16 762
18 17 970
18 19 198
18 20 1419
18 21 368
18 22 841
18 23 617
18 24 603
18 25 612
18 26 699
18 27 183
18 28 995
18 29 1306
18 30 853
18 31 194
19 0 1160
19 1 630
19 2 1006
19 3 1412
19 4 593
19 5 537
19 6 948
19 7 981
19 8 1028
19 9 1047
19 10 1010
19 11 1230
19 12 967
19 13 934
19 14 669
19 15 1291
19 16 642
19 17 1118
19 18 198
19 20 1567
19 21 516
19 22 989
19 23 765
19 24 751
19 25 760
19 26 847
19 27 381
19 28 1143
19 29 1454
19 30 761
19 31 262
20 0 407
20 1 1009
20 2 561
20 3 157
20 4 974
20 5 1030
20 6 619
20 7 586
20 8 833
20 9 602
20 10 557
20 11 337
20 12 822
20 13 1095
20 14 898
20 15 354
20 16 925
20 17 481
20 18 1419
20 19 1567
20 21 1051
20 22 902
20 23 802
20 24 816
20 25 807
20 26 720
20 27 1328
20 28 448
20 29 129
20 30 806
20 31 1305
21 0 764
21 1 334
21 2 490
21 3 896
21 4 791
21 5 691
21 6 432
21 7 897
21 8 512
21 9 1059
21 10 494
21 11 714
21 12 451
21 13 638
21 14 751
21 15 811
21 16 860
21 17 938
21 18 368
21 19 516
21 20 1051
21 22 473
21 23 249
21 24 459
21 25 244
21 26 729
21 27 277
21 28 627
21 29 938
21 30 951
21 31 292
22 0 1209
22 1 431
22 2 573
22 3 745
22 4 1236
22 5 1136
22 6 581
22 7 1342
22 8 69
22 9 1504
22 10 437
22 11 903
22 12 80
22 13 193
22 14 1196
22 15 1256
22 16 1305
22 17 1383
22 18 841
22 19 989
22 20 902
22 21 473
22 23 652
22 24 904
22 25 371
22 26 1174
22 27 750
22 28 454
22 29 773
22 30 1396
22 31 737
23 0 557
23 1 541
23 2 241
23 3 647
23 4 584
23 5 484
23 6 183
23 7 690
23 8 583
23 9 852
23 10 245
23 11 465
23 12 572
23 13 845
23 14 544
23 15 604
23 16 653
23 17 731
23 18 617
23 19 765
23 20 802
23 21 249
23 22 652
23 24 252
23 25 281
23 26 522
23 27 526
23 28 378
23 29 689
23 30 744
23 31 503
24 0 409
24 1 793
24 2 331
24 3 661
24 4 332
24 5 232
24 6 323
24 7 438
24 8 835
24 9 600
24 10 467
24 11 479
24 12 824
24 13 1097
24 14 292
24 15 540
24 16 401
24 17 479
24 18 603
24 19 751
24 20 816
24 21 459
24 22 904
24 23 252
24 25 533
24 26 270
24 27 544
24 28 450
24 29 703
24 30 492
24 31 489
25 0 838
25 1 260
25 2 246
25 3 652
25 4 865
25 5 765
25 6 210
25 7 971
25 8 302
25 9 1133
25 10 250
25 11 532
25 12 291
25 13 564
25 14 825
25 15 885
25 16 934
25 17 1012
25 18 612
25 19 760
25 20 807
25 21 244
25 22 371
25 23 281
25 24 533
25 26 803
25 27 521
25 28 383
25 29 694
25 30 1025
25 31 498
26 0 313
26 1 1063
26 2 601
26 3 565
26 4 254
26 5 310
26 6 593
26 7 168
26 8 1105
26 9 330
26 10 737
26 11 383
26 12 1094
26 13 1367
26 14 178
26 15 444
26 16 205
26 17 271
26 18 699
26 19 847
26 20 720
26 21 729
26 22 1174
26 23 522
26 24 270
26 25 803
26 27 814
26 28 720
26 29 607
26 30 222
26 31 585
27 0 921
27 1 319
27 2 767
27 3 1173
27 4 876
27 5 776
27 6 709
27 7 982
27 8 789
27 9 1144
27 10 771
27 11 991
27 12 728
27 13 659
27 14 836
27 15 1052
27 16 945
27 17 1023
27 18 183
27 19 381
27 20 1328
27 21 277
27 22 750
27 23 526
27 24 544
27 25 521
27 26 814
27 28 904
27 29 1215
27 30 1036
27 31 377
28 0 755
28 1 585
28 2 137
28 3 291
28 4 782
28 5 682
28 6 195
28 7 888
28 8 385
28 9 1050
28 10 133
28 11 449
28 12 374
28 13 647
28 14 742
28 15 802
28 16 851
28 17 929
28 18 995
28 19 1143
28 20 448
28 21 627
28 22 454
28 23 378
28 24 450
28 25 383
28 26 720
28 27 904
28 29 319
28 30 942
28 31 881
29 0 436
29 1 896
29 2 448
29 3 42
29 4 861
29 5 917
29 6 506
29 7 569
29 8 704
29 9 731
29 10 444
29 11 224
29 12 693
29 13 966
29 14 785
29 15 483
29 16 812
29 17 610
29 18 1306
29 19 1454
29 20 129
29 21 938
29 22 773
29 23 689
29 24 703
29 25 694
29 26 607
29 27 1215
29 28 319
29 30 693
29 31 1192
30 0 399
30 1 1285
30 2 823
30 3 651
30 4 168
30 5 260
30 6 815
30 7 220
30 8 1327
30 9 286
30 10 959
30 11 493
30 12 1316
30 13 1589
30 14 200
30 15 530
30 16 119
30 17 357
30 18 853
30 19 761
30 20 806
30 21 951
30 22 1396
30 23 744
30 24 492
30 25 1025
30 26 222
30 27 1036
30 28 942
30 29 693
30 31 659
31 0 898
31 1 626
31 2 744
31 3 1150
31 4 499
31 5 399
31 6 686
31 7 719
31 8 766
31 9 785
31 10 748
31 11 968
31 12 705
31 13 930
31 14 459
31 15 1029
31 16 568
31 17 856
31 18 194
31 19 262
31 20 1305
31 21 292
31 22 737
31 23 503
31 24 489
31 25 498
31 26 585
31 27 377
31 28 881
31 29 1192
31 30 659
