nnodes narcs type
52 2652 digraph
nodename posx posy
0 880 487
51 863 194
1 799 33
26 307 248
2 347 94
27 165 480
3 71 550
28 983 334
4 153 249
29 541 758
5 673 437
30 105 562
6 117 770
31 80 132
7 890 305
32 796 899
8 267 960
33 137 183
9 53 235
34 400 329
10 388 989
35 784 507
11 733 762
36 851 983
12 824 400
37 68 545
13 623 766
38 773 52
14 302 918
39 449 204
15 206 228
40 125 746
16 852 909
41 42 751
17 577 74
42 970 882
18 434 102
43 110 760
19 421 703
44 662 182
20 763 737
45 847 94
21 805 305
46 970 373
22 97 849
47 911 519
23 797 334
48 899 359
24 858 434
49 899 695
25 446 993
50 280 194
tail head weight
0 1 535
0 2 926
0 3 872
0 4 965
0 5 257
0 6 1046
0 7 192
0 8 1086
0 9 1079
0 10 994
0 11 422
0 12 143
0 13 536
0 14 1009
0 15 933
0 16 450
0 17 716
0 18 831
0 19 675
0 20 367
0 21 257
0 22 1145
0 23 236
0 24 75
0 25 940
0 26 812
0 27 722
0 28 256
0 29 610
0 30 850
0 31 1155
0 32 496
0 33 1047
0 34 638
0 35 116
0 36 525
0 37 870
0 38 542
0 39 714
0 40 1014
0 41 1102
0 42 485
0 43 1043
0 44 523
0 45 426
0 46 204
0 47 63
0 48 147
0 49 227
0 50 893
0 51 310
1 0 535
1 2 513
1 3 1245
1 4 862
1 5 530
1 6 1419
1 7 363
1 8 1459
1 9 948
1 10 1367
1 11 795
1 12 392
1 13 909
1 14 1382
1 15 788
1 16 929
1 17 263
1 18 434
1 19 1048
1 20 740
1 21 278
1 22 1518
1 23 303
1 24 460
1 25 1313
1 26 707
1 27 1081
1 28 485
1 29 983
1 30 1223
1 31 818
1 32 869
1 33 812
1 34 695
1 35 489
1 36 1002
1 37 1243
1 38 45
1 39 521
1 40 1387
1 41 1475
1 42 1020
1 43 1416
1 44 286
1 45 109
1 46 511
1 47 598
1 48 426
1 49 762
1 50 680
1 51 225
2 0 926
2 1 513
2 3 732
2 4 349
2 5 669
2 6 906
2 7 754
2 8 946
2 9 435
2 10 936
2 11 1054
2 12 783
2 13 948
2 14 869
2 15 275
2 16 1320
2 17 250
2 18 95
2 19 683
2 20 1059
2 21 669
2 22 1005
2 23 690
2 24 851
2 25 998
2 26 194
2 27 568
2 28 876
2 29 858
2 30 710
2 31 305
2 32 1254
2 33 299
2 34 288
2 35 850
2 36 1393
2 37 730
2 38 468
2 39 212
2 40 874
2 41 962
2 42 1411
2 43 903
2 44 403
2 45 500
2 46 902
2 47 989
2 48 817
2 49 1153
2 50 167
2 51 616
3 0 872
3 1 1245
3 2 732
3 4 383
3 5 715
3 6 266
3 7 1064
3 8 606
3 9 333
3 10 756
3 11 874
3 12 903
3 13 768
3 14 599
3 15 457
3 16 1140
3 17 982
3 18 811
3 19 503
3 20 879
3 21 979
3 22 325
3 23 942
3 24 903
3 25 818
3 26 538
3 27 164
3 28 1128
3 29 678
3 30 46
3 31 427
3 32 1074
3 33 433
3 34 550
3 35 756
3 36 1213
3 37 8
3 38 1200
3 39 724
3 40 250
3 41 230
3 42 1231
3 43 249
3 44 959
3 45 1232
3 46 1076
3 47 871
3 48 1019
3 49 973
3 50 565
3 51 1148
4 0 965
4 1 862
4 2 349
4 3 383
4 5 708
4 6 557
4 7 793
4 8 825
4 9 114
4 10 975
4 11 1093
4 12 822
4 13 987
4 14 818
4 15 74
4 16 1359
4 17 599
4 18 428
4 19 722
4 20 1098
4 21 708
4 22 656
4 23 729
4 24 890
4 25 1037
4 26 155
4 27 243
4 28 915
4 29 897
4 30 361
4 31 190
4 32 1293
4 33 82
4 34 327
4 35 889
4 36 1432
4 37 381
4 38 817
4 39 341
4 40 525
4 41 613
4 42 1450
4 43 554
4 44 576
4 45 849
4 46 941
4 47 1028
4 48 856
4 49 1192
4 50 182
4 51 765
5 0 257
5 1 530
5 2 669
5 3 715
5 4 708
5 6 889
5 7 349
5 8 929
5 9 822
5 10 837
5 11 385
5 12 188
5 13 379
5 14 852
5 15 676
5 16 651
5 17 459
5 18 574
5 19 518
5 20 390
5 21 264
5 22 988
5 23 227
5 24 188
5 25 783
5 26 555
5 27 551
5 28 413
5 29 453
5 30 693
5 31 898
5 32 585
5 33 790
5 34 381
5 35 181
5 36 724
5 37 713
5 38 485
5 39 457
5 40 857
5 41 945
5 42 742
5 43 886
5 44 266
5 45 517
5 46 361
5 47 320
5 48 304
5 49 484
5 50 636
5 51 433
6 0 1046
6 1 1419
6 2 906
6 3 266
6 4 557
6 5 889
6 7 1238
6 8 340
6 9 599
6 10 490
6 11 624
6 12 1077
6 13 510
6 14 333
6 15 631
6 16 874
6 17 1156
6 18 985
6 19 371
6 20 679
6 21 1153
6 22 99
6 23 1116
6 24 1077
6 25 552
6 26 712
6 27 338
6 28 1302
6 29 436
6 30 220
6 31 675
6 32 808
6 33 607
6 34 724
6 35 930
6 36 947
6 37 274
6 38 1374
6 39 898
6 40 32
6 41 94
6 42 965
6 43 17
6 44 1133
6 45 1406
6 46 1250
6 47 1045
6 48 1193
6 49 857
6 50 739
6 51 1322
7 0 192
7 1 363
7 2 754
7 3 1064
7 4 793
7 5 349
7 6 1238
7 8 1278
7 9 907
7 10 1186
7 11 614
7 12 161
7 13 728
7 14 1201
7 15 761
7 16 642
7 17 544
7 18 659
7 19 867
7 20 559
7 21 85
7 22 1337
7 23 122
7 24 161
7 25 1132
7 26 640
7 27 900
7 28 122
7 29 802
7 30 1042
7 31 983
7 32 688
7 33 875
7 34 514
7 35 308
7 36 717
7 37 1062
7 38 370
7 39 542
7 40 1206
7 41 1294
7 42 657
7 43 1235
7 44 351
7 45 254
7 46 148
7 47 235
7 48 63
7 49 399
7 50 721
7 51 138
8 0 1086
8 1 1459
8 2 946
8 3 606
8 4 825
8 5 929
8 6 340
8 7 1278
8 9 939
8 10 150
8 11 664
8 12 1117
8 13 550
8 14 77
8 15 793
8 16 636
8 17 1196
8 18 1025
8 19 411
8 20 719
8 21 1193
8 22 281
8 23 1156
8 24 1117
8 25 212
8 26 752
8 27 582
8 28 1342
8 29 476
8 30 560
8 31 1015
8 32 590
8 33 907
8 34 764
8 35 970
8 36 607
8 37 614
8 38 1414
8 39 938
8 40 356
8 41 434
8 42 781
8 43 357
8 44 1173
8 45 1446
8 46 1290
8 47 1085
8 48 1233
8 49 897
8 50 779
8 51 1362
9 0 1079
9 1 948
9 2 435
9 3 333
9 4 114
9 5 822
9 6 599
9 7 907
9 8 939
9 10 1089
9 11 1207
9 12 936
9 13 1101
9 14 932
9 15 160
9 16 1473
9 17 685
9 18 514
9 19 836
9 20 1212
9 21 822
9 22 658
9 23 843
9 24 1004
9 25 1151
9 26 267
9 27 357
9 28 1029
9 29 1011
9 30 379
9 31 130
9 32 1407
9 33 136
9 34 441
9 35 1003
9 36 1546
9 37 325
9 38 903
9 39 427
9 40 583
9 41 527
9 42 1564
9 43 582
9 44 662
9 45 935
9 46 1055
9 47 1142
9 48 970
9 49 1306
9 50 268
9 51 851
10 0 994
10 1 1367
10 2 936
10 3 756
10 4 975
10 5 837
10 6 490
10 7 1186
10 8 150
10 9 1089
10 11 572
10 12 1025
10 13 458
10 14 157
10 15 943
10 16 544
10 17 1104
10 18 933
10 19 319
10 20 627
10 21 1101
10 22 431
10 23 1064
10 24 1025
10 25 62
10 26 822
10 27 732
10 28 1250
10 29 384
10 30 710
10 31 1165
10 32 498
10 33 1057
10 34 672
10 35 878
10 36 469
10 37 764
10 38 1322
10 39 846
10 40 506
10 41 584
10 42 689
10 43 507
10 44 1081
10 45 1354
10 46 1198
10 47 993
10 48 1141
10 49 805
10 50 903
10 51 1270
11 0 422
11 1 795
11 2 1054
11 3 874
11 4 1093
11 5 385
11 6 624
11 7 614
11 8 664
11 9 1207
11 10 572
11 12 453
11 13 114
11 14 587
11 15 1061
11 16 266
11 17 844
11 18 959
11 19 371
11 20 55
11 21 529
11 22 723
11 23 492
11 24 453
11 25 518
11 26 940
11 27 850
11 28 678
11 29 196
11 30 828
11 31 1283
11 32 200
11 33 1175
11 34 766
11 35 306
11 36 339
11 37 882
11 38 750
11 39 842
11 40 624
11 41 702
11 42 357
11 43 625
11 44 651
11 45 782
11 46 626
11 47 421
11 48 569
11 49 233
11 50 1021
11 51 698
12 0 143
12 1 392
12 2 783
12 3 903
12 4 822
12 5 188
12 6 1077
12 7 161
12 8 1117
12 9 936
12 10 1025
12 11 453
12 13 567
12 14 1040
12 15 790
12 16 537
12 17 573
12 18 688
12 19 706
12 20 398
12 21 114
12 22 1176
12 23 93
12 24 68
12 25 971
12 26 669
12 27 739
12 28 225
12 29 641
12 30 881
12 31 1012
12 32 527
12 33 904
12 34 495
12 35 147
12 36 610
12 37 901
12 38 399
12 39 571
12 40 1045
12 41 1133
12 42 628
12 43 1074
12 44 380
12 45 329
12 46 173
12 47 206
12 48 116
12 49 370
12 50 750
12 51 245
13 0 536
13 1 909
13 2 948
13 3 768
13 4 987
13 5 379
13 6 510
13 7 728
13 8 550
13 9 1101
13 10 458
13 11 114
13 12 567
13 14 473
13 15 955
13 16 372
13 17 738
13 18 853
13 19 265
13 20 169
13 21 643
13 22 609
13 23 606
13 24 567
13 25 404
13 26 834
13 27 744
13 28 792
13 29 90
13 30 722
13 31 1177
13 32 306
13 33 1069
13 34 660
13 35 420
13 36 445
13 37 776
13 38 864
13 39 736
13 40 518
13 41 596
13 42 463
13 43 519
13 44 623
13 45 896
13 46 740
13 47 535
13 48 683
13 49 347
13 50 915
13 51 812
14 0 1009
14 1 1382
14 2 869
14 3 599
14 4 818
14 5 852
14 6 333
14 7 1201
14 8 77
14 9 932
14 10 157
14 11 587
14 12 1040
14 13 473
14 15 786
14 16 559
14 17 1119
14 18 948
14 19 334
14 20 642
14 21 1116
14 22 274
14 23 1079
14 24 1040
14 25 219
14 26 675
14 27 575
14 28 1265
14 29 399
14 30 553
14 31 1008
14 32 513
14 33 900
14 34 687
14 35 893
14 36 614
14 37 607
14 38 1337
14 39 861
14 40 349
14 41 427
14 42 704
14 43 350
14 44 1096
14 45 1369
14 46 1213
14 47 1008
14 48 1156
14 49 820
14 50 746
14 51 1285
15 0 933
15 1 788
15 2 275
15 3 457
15 4 74
15 5 676
15 6 631
15 7 761
15 8 793
15 9 160
15 10 943
15 11 1061
15 12 790
15 13 955
15 14 786
15 16 1327
15 17 525
15 18 354
15 19 690
15 20 1066
15 21 676
15 22 730
15 23 697
15 24 858
15 25 1005
15 26 121
15 27 293
15 28 883
15 29 865
15 30 435
15 31 222
15 32 1261
15 33 114
15 34 295
15 35 857
15 36 1400
15 37 455
15 38 743
15 39 267
15 40 599
15 41 687
15 42 1418
15 43 628
15 44 502
15 45 775
15 46 909
15 47 996
15 48 824
15 49 1160
15 50 108
15 51 691
16 0 450
16 1 929
16 2 1320
16 3 1140
16 4 1359
16 5 651
16 6 874
16 7 642
16 8 636
16 9 1473
16 10 544
16 11 266
16 12 537
16 13 372
16 14 559
16 15 1327
16 17 1110
16 18 1225
16 19 637
16 20 261
16 21 651
16 22 815
16 23 630
16 24 481
16 25 490
16 26 1206
16 27 1116
16 28 706
16 29 462
16 30 1094
16 31 1549
16 32 66
16 33 1441
16 34 1032
16 35 470
16 36 75
16 37 1148
16 38 936
16 39 1108
16 40 890
16 41 968
16 42 145
16 43 891
16 44 917
16 45 820
16 46 654
16 47 449
16 48 597
16 49 261
16 50 1287
16 51 726
17 0 716
17 1 263
17 2 250
17 3 982
17 4 599
17 5 459
17 6 1156
17 7 544
17 8 1196
17 9 685
17 10 1104
17 11 844
17 12 573
17 13 738
17 14 1119
17 15 525
17 16 1110
17 18 171
17 19 785
17 20 849
17 21 459
17 22 1255
17 23 480
17 24 641
17 25 1050
17 26 444
17 27 818
17 28 666
17 29 720
17 30 960
17 31 555
17 32 1044
17 33 549
17 34 432
17 35 640
17 36 1183
17 37 980
17 38 218
17 39 258
17 40 1124
17 41 1212
17 42 1201
17 43 1153
17 44 193
17 45 290
17 46 692
17 47 779
17 48 607
17 49 943
17 50 417
17 51 406
18 0 831
18 1 434
18 2 95
18 3 811
18 4 428
18 5 574
18 6 985
18 7 659
18 8 1025
18 9 514
18 10 933
18 11 959
18 12 688
18 13 853
18 14 948
18 15 354
18 16 1225
18 17 171
18 19 614
18 20 964
18 21 574
18 22 1084
18 23 595
18 24 756
18 25 903
18 26 273
18 27 647
18 28 781
18 29 763
18 30 789
18 31 384
18 32 1159
18 33 378
18 34 261
18 35 755
18 36 1298
18 37 809
18 38 389
18 39 117
18 40 953
18 41 1041
18 42 1316
18 43 982
18 44 308
18 45 421
18 46 807
18 47 894
18 48 722
18 49 1058
18 50 246
18 51 521
19 0 675
19 1 1048
19 2 683
19 3 503
19 4 722
19 5 518
19 6 371
19 7 867
19 8 411
19 9 836
19 10 319
19 11 371
19 12 706
19 13 265
19 14 334
19 15 690
19 16 637
19 17 785
19 18 614
19 20 376
19 21 782
19 22 470
19 23 745
19 24 706
19 25 315
19 26 569
19 27 479
19 28 931
19 29 175
19 30 457
19 31 912
19 32 571
19 33 804
19 34 395
19 35 559
19 36 710
19 37 511
19 38 1003
19 39 527
19 40 339
19 41 427
19 42 728
19 43 368
19 44 762
19 45 1035
19 46 879
19 47 674
19 48 822
19 49 486
19 50 650
19 51 951
20 0 367
20 1 740
20 2 1059
20 3 879
20 4 1098
20 5 390
20 6 679
20 7 559
20 8 719
20 9 1212
20 10 627
20 11 55
20 12 398
20 13 169
20 14 642
20 15 1066
20 16 261
20 17 849
20 18 964
20 19 376
20 21 474
20 22 778
20 23 437
20 24 398
20 25 573
20 26 945
20 27 855
20 28 623
20 29 243
20 30 833
20 31 1288
20 32 195
20 33 1180
20 34 771
20 35 251
20 36 334
20 37 887
20 38 695
20 39 847
20 40 647
20 41 735
20 42 352
20 43 676
20 44 656
20 45 727
20 46 571
20 47 366
20 48 514
20 49 178
20 50 1026
20 51 643
21 0 257
21 1 278
21 2 669
21 3 979
21 4 708
21 5 264
21 6 1153
21 7 85
21 8 1193
21 9 822
21 10 1101
21 11 529
21 12 114
21 13 643
21 14 1116
21 15 676
21 16 651
21 17 459
21 18 574
21 19 782
21 20 474
21 22 1252
21 23 37
21 24 182
21 25 1047
21 26 555
21 27 815
21 28 207
21 29 717
21 30 957
21 31 898
21 32 603
21 33 790
21 34 429
21 35 223
21 36 724
21 37 977
21 38 285
21 39 457
21 40 1121
21 41 1209
21 42 742
21 43 1150
21 44 266
21 45 253
21 46 233
21 47 320
21 48 148
21 49 484
21 50 636
21 51 169
22 0 1145
22 1 1518
22 2 1005
22 3 325
22 4 656
22 5 988
22 6 99
22 7 1337
22 8 281
22 9 658
22 10 431
22 11 723
22 12 1176
22 13 609
22 14 274
22 15 730
22 16 815
22 17 1255
22 18 1084
22 19 470
22 20 778
22 21 1252
22 23 1215
22 24 1176
22 25 493
22 26 811
22 27 437
22 28 1401
22 29 535
22 30 295
22 31 734
22 32 749
22 33 706
22 34 823
22 35 1029
22 36 888
22 37 333
22 38 1473
22 39 997
22 40 131
22 41 153
22 42 906
22 43 102
22 44 1232
22 45 1505
22 46 1349
22 47 1144
22 48 1292
22 49 956
22 50 838
22 51 1421
23 0 236
23 1 303
23 2 690
23 3 942
23 4 729
23 5 227
23 6 1116
23 7 122
23 8 1156
23 9 843
23 10 1064
23 11 492
23 12 93
23 13 606
23 14 1079
23 15 697
23 16 630
23 17 480
23 18 595
23 19 745
23 20 437
23 21 37
23 22 1215
23 24 161
23 25 1010
23 26 576
23 27 778
23 28 186
23 29 680
23 30 920
23 31 919
23 32 566
23 33 811
23 34 402
23 35 186
23 36 703
23 37 940
23 38 306
23 39 478
23 40 1084
23 41 1172
23 42 721
23 43 1113
23 44 287
23 45 290
23 46 212
23 47 299
23 48 127
23 49 463
23 50 657
23 51 206
24 0 75
24 1 460
24 2 851
24 3 903
24 4 890
24 5 188
24 6 1077
24 7 161
24 8 1117
24 9 1004
24 10 1025
24 11 453
24 12 68
24 13 567
24 14 1040
24 15 858
24 16 481
24 17 641
24 18 756
24 19 706
24 20 398
24 21 182
24 22 1176
24 23 161
24 25 971
24 26 737
24 27 739
24 28 225
24 29 641
24 30 881
24 31 1080
24 32 527
24 33 972
24 34 563
24 35 147
24 36 556
24 37 901
24 38 467
24 39 639
24 40 1045
24 41 1133
24 42 560
24 43 1074
24 44 448
24 45 351
24 46 173
24 47 138
24 48 116
24 49 302
24 50 818
24 51 245
25 0 940
25 1 1313
25 2 998
25 3 818
25 4 1037
25 5 783
25 6 552
25 7 1132
25 8 212
25 9 1151
25 10 62
25 11 518
25 12 971
25 13 404
25 14 219
25 15 1005
25 16 490
25 17 1050
25 18 903
25 19 315
25 20 573
25 21 1047
25 22 493
25 23 1010
25 24 971
25 26 884
25 27 794
25 28 1196
25 29 330
25 30 772
25 31 1227
25 32 444
25 33 1119
25 34 710
25 35 824
25 36 415
25 37 826
25 38 1268
25 39 792
25 40 568
25 41 646
25 42 635
25 43 569
25 44 1027
25 45 1300
25 46 1144
25 47 939
25 48 1087
25 49 751
25 50 965
25 51 1216
26 0 812
26 1 707
26 2 194
26 3 538
26 4 155
26 5 555
26 6 712
26 7 640
26 8 752
26 9 267
26 10 822
26 11 940
26 12 669
26 13 834
26 14 675
26 15 121
26 16 1206
26 17 444
26 18 273
26 19 569
26 20 945
26 21 555
26 22 811
26 23 576
26 24 737
26 25 884
26 27 374
26 28 762
26 29 744
26 30 516
26 31 343
26 32 1140
26 33 235
26 34 174
26 35 736
26 36 1279
26 37 536
26 38 662
26 39 186
26 40 680
26 41 768
26 42 1297
26 43 709
26 44 421
26 45 694
26 46 788
26 47 875
26 48 703
26 49 1039
26 50 81
26 51 610
27 0 722
27 1 1081
27 2 568
27 3 164
27 4 243
27 5 551
27 6 338
27 7 900
27 8 582
27 9 357
27 10 732
27 11 850
27 12 739
27 13 744
27 14 575
27 15 293
27 16 1116
27 17 818
27 18 647
27 19 479
27 20 855
27 21 815
27 22 437
27 23 778
27 24 739
27 25 794
27 26 374
27 28 964
27 29 654
27 30 142
27 31 433
27 32 1050
27 33 325
27 34 386
27 35 646
27 36 1189
27 37 162
27 38 1036
27 39 560
27 40 306
27 41 394
27 42 1207
27 43 335
27 44 795
27 45 1068
27 46 912
27 47 785
27 48 855
27 49 949
27 50 401
27 51 984
28 0 256
28 1 485
28 2 876
28 3 1128
28 4 915
28 5 413
28 6 1302
28 7 122
28 8 1342
28 9 1029
28 10 1250
28 11 678
28 12 225
28 13 792
28 14 1265
28 15 883
28 16 706
28 17 666
28 18 781
28 19 931
28 20 623
28 21 207
28 22 1401
28 23 186
28 24 225
28 25 1196
28 26 762
28 27 964
28 29 866
28 30 1106
28 31 1105
28 32 752
28 33 997
28 34 588
28 35 372
28 36 781
28 37 1126
28 38 492
28 39 664
28 40 1270
28 41 1358
28 42 561
28 43 1299
28 44 473
28 45 376
28 46 52
28 47 257
28 48 109
28 49 445
28 50 843
28 51 260
29 0 610
29 1 983
29 2 858
29 3 678
29 4 897
29 5 453
29 6 436
29 7 802
29 8 476
29 9 1011
29 10 384
29 11 196
29 12 641
29 13 90
29 14 399
29 15 865
29 16 462
29 17 720
29 18 763
29 19 175
29 20 243
29 21 717
29 22 535
29 23 680
29 24 641
29 25 330
29 26 744
29 27 654
29 28 866
29 30 632
29 31 1087
29 32 396
29 33 979
29 34 570
29 35 494
29 36 535
29 37 686
29 38 938
29 39 646
29 40 428
29 41 506
29 42 553
29 43 433
29 44 697
29 45 970
29 46 814
29 47 609
29 48 757
29 49 421
29 50 825
29 51 886
30 0 850
30 1 1223
30 2 710
30 3 46
30 4 361
30 5 693
30 6 220
30 7 1042
30 8 560
30 9 379
30 10 710
30 11 828
30 12 881
30 13 722
30 14 553
30 15 435
30 16 1094
30 17 960
30 18 789
30 19 457
30 20 833
30 21 957
30 22 295
30 23 920
30 24 881
30 25 772
30 26 516
30 27 142
30 28 1106
30 29 632
30 31 455
30 32 1028
30 33 411
30 34 528
30 35 734
30 36 1167
30 37 54
30 38 1178
30 39 702
30 40 204
30 41 252
30 42 1185
30 43 203
30 44 937
30 45 1210
30 46 1054
30 47 849
30 48 997
30 49 927
30 50 543
30 51 1126
31 0 1155
31 1 818
31 2 305
31 3 427
31 4 190
31 5 898
31 6 675
31 7 983
31 8 1015
31 9 130
31 10 1165
31 11 1283
31 12 1012
31 13 1177
31 14 1008
31 15 222
31 16 1549
31 17 555
31 18 384
31 19 912
31 20 1288
31 21 898
31 22 734
31 23 919
31 24 1080
31 25 1227
31 26 343
31 27 433
31 28 1105
31 29 1087
31 30 455
31 32 1483
31 33 108
31 34 517
31 35 1079
31 36 1622
31 37 425
31 38 773
31 39 441
31 40 659
31 41 657
31 42 1640
31 43 658
31 44 632
31 45 805
31 46 1131
31 47 1218
31 48 1046
31 49 1382
31 50 262
31 51 845
32 0 496
32 1 869
32 2 1254
32 3 1074
32 4 1293
32 5 585
32 6 808
32 7 688
32 8 590
32 9 1407
32 10 498
32 11 200
32 12 527
32 13 306
32 14 513
32 15 1261
32 16 66
32 17 1044
32 18 1159
32 19 571
32 20 195
32 21 603
32 22 749
32 23 566
32 24 527
32 25 444
32 26 1140
32 27 1050
32 28 752
32 29 396
32 30 1028
32 31 1483
32 33 1375
32 34 966
32 35 404
32 36 139
32 37 1082
32 38 870
32 39 1042
32 40 824
32 41 902
32 42 191
32 43 825
32 44 851
32 45 856
32 46 700
32 47 495
32 48 643
32 49 307
32 50 1221
32 51 772
33 0 1047
33 1 812
33 2 299
33 3 433
33 4 82
33 5 790
33 6 607
33 7 875
33 8 907
33 9 136
33 10 1057
33 11 1175
33 12 904
33 13 1069
33 14 900
33 15 114
33 16 1441
33 17 549
33 18 378
33 19 804
33 20 1180
33 21 790
33 22 706
33 23 811
33 24 972
33 25 1119
33 26 235
33 27 325
33 28 997
33 29 979
33 30 411
33 31 108
33 32 1375
33 34 409
33 35 971
33 36 1514
33 37 431
33 38 767
33 39 333
33 40 575
33 41 663
33 42 1532
33 43 604
33 44 526
33 45 799
33 46 1023
33 47 1110
33 48 938
33 49 1274
33 50 154
33 51 737
34 0 638
34 1 695
34 2 288
34 3 550
34 4 327
34 5 381
34 6 724
34 7 514
34 8 764
34 9 441
34 10 672
34 11 766
34 12 495
34 13 660
34 14 687
34 15 295
34 16 1032
34 17 432
34 18 261
34 19 395
34 20 771
34 21 429
34 22 823
34 23 402
34 24 563
34 25 710
34 26 174
34 27 386
34 28 588
34 29 570
34 30 528
34 31 517
34 32 966
34 33 409
34 35 562
34 36 1105
34 37 548
34 38 650
34 39 174
34 40 692
34 41 780
34 42 1123
34 43 721
34 44 409
34 45 682
34 46 614
34 47 701
34 48 529
34 49 865
34 50 255
34 51 598
35 0 116
35 1 489
35 2 850
35 3 756
35 4 889
35 5 181
35 6 930
35 7 308
35 8 970
35 9 1003
35 10 878
35 11 306
35 12 147
35 13 420
35 14 893
35 15 857
35 16 470
35 17 640
35 18 755
35 19 559
35 20 251
35 21 223
35 22 1029
35 23 186
35 24 147
35 25 824
35 26 736
35 27 646
35 28 372
35 29 494
35 30 734
35 31 1079
35 32 404
35 33 971
35 34 562
35 36 543
35 37 754
35 38 466
35 39 638
35 40 898
35 41 986
35 42 561
35 43 927
35 44 447
35 45 476
35 46 320
35 47 139
35 48 263
35 49 303
35 50 817
35 51 392
36 0 525
36 1 1002
36 2 1393
36 3 1213
36 4 1432
36 5 724
36 6 947
36 7 717
36 8 607
36 9 1546
36 10 469
36 11 339
36 12 610
36 13 445
36 14 614
36 15 1400
36 16 75
36 17 1183
36 18 1298
36 19 710
36 20 334
36 21 724
36 22 888
36 23 703
36 24 556
36 25 415
36 26 1279
36 27 1189
36 28 781
36 29 535
36 30 1167
36 31 1622
36 32 139
36 33 1514
36 34 1105
36 35 543
36 37 1221
36 38 1009
36 39 1181
36 40 963
36 41 1041
36 42 220
36 43 964
36 44 990
36 45 893
36 46 729
36 47 524
36 48 672
36 49 336
36 50 1360
36 51 801
37 0 870
37 1 1243
37 2 730
37 3 8
37 4 381
37 5 713
37 6 274
37 7 1062
37 8 614
37 9 325
37 10 764
37 11 882
37 12 901
37 13 776
37 14 607
37 15 455
37 16 1148
37 17 980
37 18 809
37 19 511
37 20 887
37 21 977
37 22 333
37 23 940
37 24 901
37 25 826
37 26 536
37 27 162
37 28 1126
37 29 686
37 30 54
37 31 425
37 32 1082
37 33 431
37 34 548
37 35 754
37 36 1221
37 38 1198
37 39 722
37 40 258
37 41 232
37 42 1239
37 43 257
37 44 957
37 45 1230
37 46 1074
37 47 869
37 48 1017
37 49 981
37 50 563
37 51 1146
38 0 542
38 1 45
38 2 468
38 3 1200
38 4 817
38 5 485
38 6 1374
38 7 370
38 8 1414
38 9 903
38 10 1322
38 11 750
38 12 399
38 13 864
38 14 1337
38 15 743
38 16 936
38 17 218
38 18 389
38 19 1003
38 20 695
38 21 285
38 22 1473
38 23 306
38 24 467
38 25 1268
38 26 662
38 27 1036
38 28 492
38 29 938
38 30 1178
38 31 773
38 32 870
38 33 767
38 34 650
38 35 466
38 36 1009
38 37 1198
38 39 476
38 40 1342
38 41 1430
38 42 1027
38 43 1371
38 44 241
38 45 116
38 46 518
38 47 605
38 48 433
38 49 769
38 50 635
38 51 232
39 0 714
39 1 521
39 2 212
39 3 724
39 4 341
39 5 457
39 6 898
39 7 542
39 8 938
39 9 427
39 10 846
39 11 842
39 12 571
39 13 736
39 14 861
39 15 267
39 16 1108
39 17 258
39 18 117
39 19 527
39 20 847
39 21 457
39 22 997
39 23 478
39 24 639
39 25 792
39 26 186
39 27 560
39 28 664
39 29 646
39 30 702
39 31 441
39 32 1042
39 33 333
39 34 174
39 35 638
39 36 1181
39 37 722
39 38 476
39 40 866
39 41 954
39 42 1199
39 43 895
39 44 235
39 45 508
39 46 690
39 47 777
39 48 605
39 49 941
39 50 179
39 51 424
40 0 1014
40 1 1387
40 2 874
40 3 250
40 4 525
40 5 857
40 6 32
40 7 1206
40 8 356
40 9 583
40 10 506
40 11 624
40 12 1045
40 13 518
40 14 349
40 15 599
40 16 890
40 17 1124
40 18 953
40 19 339
40 20 647
40 21 1121
40 22 131
40 23 1084
40 24 1045
40 25 568
40 26 680
40 27 306
40 28 1270
40 29 428
40 30 204
40 31 659
40 32 824
40 33 575
40 34 692
40 35 898
40 36 963
40 37 258
40 38 1342
40 39 866
40 41 88
40 42 981
40 43 29
40 44 1101
40 45 1374
40 46 1218
40 47 1013
40 48 1161
40 49 825
40 50 707
40 51 1290
41 0 1102
41 1 1475
41 2 962
41 3 230
41 4 613
41 5 945
41 6 94
41 7 1294
41 8 434
41 9 527
41 10 584
41 11 702
41 12 1133
41 13 596
41 14 427
41 15 687
41 16 968
41 17 1212
41 18 1041
41 19 427
41 20 735
41 21 1209
41 22 153
41 23 1172
41 24 1133
41 25 646
41 26 768
41 27 394
41 28 1358
41 29 506
41 30 252
41 31 657
41 32 902
41 33 663
41 34 780
41 35 986
41 36 1041
41 37 232
41 38 1430
41 39 954
41 40 88
41 42 1059
41 43 77
41 44 1189
41 45 1462
41 46 1306
41 47 1101
41 48 1249
41 49 913
41 50 795
41 51 1378
42 0 485
42 1 1020
42 2 1411
42 3 1231
42 4 1450
42 5 742
42 6 965
42 7 657
42 8 781
42 9 1564
42 10 689
42 11 357
42 12 628
42 13 463
42 14 704
42 15 1418
42 16 145
42 17 1201
42 18 1316
42 19 728
42 20 352
42 21 742
42 22 906
42 23 721
42 24 560
42 25 635
42 26 1297
42 27 1207
42 28 561
42 29 553
42 30 1185
42 31 1640
42 32 191
42 33 1532
42 34 1123
42 35 561
42 36 220
42 37 1239
42 38 1027
42 39 1199
42 40 981
42 41 1059
42 43 982
42 44 1008
42 45 911
42 46 509
42 47 422
42 48 594
42 49 258
42 50 1378
42 51 795
43 0 1043
43 1 1416
43 2 903
43 3 249
43 4 554
43 5 886
43 6 17
43 7 1235
43 8 357
43 9 582
43 10 507
43 11 625
43 12 1074
43 13 519
43 14 350
43 15 628
43 16 891
43 17 1153
43 18 982
43 19 368
43 20 676
43 21 1150
43 22 102
43 23 1113
43 24 1074
43 25 569
43 26 709
43 27 335
43 28 1299
43 29 433
43 30 203
43 31 658
43 32 825
43 33 604
43 34 721
43 35 927
43 36 964
43 37 257
43 38 1371
43 39 895
43 40 29
43 41 77
43 42 982
43 44 1130
43 45 1403
43 46 1247
43 47 1042
43 48 1190
43 49 854
43 50 736
43 51 1319
44 0 523
44 1 286
44 2 403
44 3 959
44 4 576
44 5 266
44 6 1133
44 7 351
44 8 1173
44 9 662
44 10 1081
44 11 651
44 12 380
44 13 623
44 14 1096
44 15 502
44 16 917
44 17 193
44 18 308
44 19 762
44 20 656
44 21 266
44 22 1232
44 23 287
44 24 448
44 25 1027
44 26 421
44 27 795
44 28 473
44 29 697
44 30 937
44 31 632
44 32 851
44 33 526
44 34 409
44 35 447
44 36 990
44 37 957
44 38 241
44 39 235
44 40 1101
44 41 1189
44 42 1008
44 43 1130
44 45 273
44 46 499
44 47 586
44 48 414
44 49 750
44 50 394
44 51 213
45 0 426
45 1 109
45 2 500
45 3 1232
45 4 849
45 5 517
45 6 1406
45 7 254
45 8 1446
45 9 935
45 10 1354
45 11 782
45 12 329
45 13 896
45 14 1369
45 15 775
45 16 820
45 17 290
45 18 421
45 19 1035
45 20 727
45 21 253
45 22 1505
45 23 290
45 24 351
45 25 1300
45 26 694
45 27 1068
45 28 376
45 29 970
45 30 1210
45 31 805
45 32 856
45 33 799
45 34 682
45 35 476
45 36 893
45 37 1230
45 38 116
45 39 508
45 40 1374
45 41 1462
45 42 911
45 43 1403
45 44 273
45 46 402
45 47 489
45 48 317
45 49 653
45 50 667
45 51 116
46 0 204
46 1 511
46 2 902
46 3 1076
46 4 941
46 5 361
46 6 1250
46 7 148
46 8 1290
46 9 1055
46 10 1198
46 11 626
46 12 173
46 13 740
46 14 1213
46 15 909
46 16 654
46 17 692
46 18 807
46 19 879
46 20 571
46 21 233
46 22 1349
46 23 212
46 24 173
46 25 1144
46 26 788
46 27 912
46 28 52
46 29 814
46 30 1054
46 31 1131
46 32 700
46 33 1023
46 34 614
46 35 320
46 36 729
46 37 1074
46 38 518
46 39 690
46 40 1218
46 41 1306
46 42 509
46 43 1247
46 44 499
46 45 402
46 47 205
46 48 85
46 49 393
46 50 869
46 51 286
47 0 63
47 1 598
47 2 989
47 3 871
47 4 1028
47 5 320
47 6 1045
47 7 235
47 8 1085
47 9 1142
47 10 993
47 11 421
47 12 206
47 13 535
47 14 1008
47 15 996
47 16 449
47 17 779
47 18 894
47 19 674
47 20 366
47 21 320
47 22 1144
47 23 299
47 24 138
47 25 939
47 26 875
47 27 785
47 28 257
47 29 609
47 30 849
47 31 1218
47 32 495
47 33 1110
47 34 701
47 35 139
47 36 524
47 37 869
47 38 605
47 39 777
47 40 1013
47 41 1101
47 42 422
47 43 1042
47 44 586
47 45 489
47 46 205
47 48 172
47 49 188
47 50 956
47 51 373
48 0 147
48 1 426
48 2 817
48 3 1019
48 4 856
48 5 304
48 6 1193
48 7 63
48 8 1233
48 9 970
48 10 1141
48 11 569
48 12 116
48 13 683
48 14 1156
48 15 824
48 16 597
48 17 607
48 18 722
48 19 822
48 20 514
48 21 148
48 22 1292
48 23 127
48 24 116
48 25 1087
48 26 703
48 27 855
48 28 109
48 29 757
48 30 997
48 31 1046
48 32 643
48 33 938
48 34 529
48 35 263
48 36 672
48 37 1017
48 38 433
48 39 605
48 40 1161
48 41 1249
48 42 594
48 43 1190
48 44 414
48 45 317
48 46 85
48 47 172
48 49 336
48 50 784
48 51 201
49 0 227
49 1 762
49 2 1153
49 3 973
49 4 1192
49 5 484
49 6 857
49 7 399
49 8 897
49 9 1306
49 10 805
49 11 233
49 12 370
49 13 347
49 14 820
49 15 1160
49 16 261
49 17 943
49 18 1058
49 19 486
49 20 178
49 21 484
49 22 956
49 23 463
49 24 302
49 25 751
49 26 1039
49 27 949
49 28 445
49 29 421
49 30 927
49 31 1382
49 32 307
49 33 1274
49 34 865
49 35 303
49 36 336
49 37 981
49 38 769
49 39 941
49 40 825
49 41 913
49 42 258
49 43 854
49 44 750
49 45 653
49 46 393
49 47 188
49 48 336
49 50 1120
49 51 537
50 0 893
50 1 680
50 2 167
50 3 565
50 4 182
50 5 636
50 6 739
50 7 721
50 8 779
50 9 268
50 10 903
50 11 1021
50 12 750
50 13 915
50 14 746
50 15 108
50 16 1287
50 17 417
50 18 246
50 19 650
50 20 1026
50 21 636
50 22 838
50 23 657
50 24 818
50 25 965
50 26 81
50 27 401
50 28 843
50 29 825
50 30 543
50 31 262
50 32 1221
50 33 154
50 34 255
50 35 817
50 36 1360
50 37 563
50 38 635
50 39 179
50 40 707
50 41 795
50 42 1378
50 43 736
50 44 394
50 45 667
50 46 869
50 47 956
50 48 784
50 49 1120
50 51 583
51 0 310
51 1 225
51 2 616
51 3 1148
51 4 765
51 5 433
51 6 1322
51 7 138
51 8 1362
51 9 851
51 10 1270
51 11 698
51 12 245
51 13 812
51 14 1285
51 15 691
51 16 726
51 17 406
51 18 521
51 19 951
51 20 643
51 21 169
51 22 1421
51 23 206
51 24 245
51 25 1216
51 26 610
51 27 984
51 28 260
51 29 886
51 30 1126
51 31 845
51 32 772
51 33 737
51 34 598
51 35 392
51 36 801
51 37 1146
51 38 232
51 39 424
51 40 1290
51 41 1378
51 42 795
51 43 1319
51 44 213
51 45 116
51 46 286
51 47 373
51 48 201
51 49 537
51 50 583
