nnodes narcs type
14 182 digraph
nodename posx posy
0 564 897
13 401 729
1 339 91
7 931 561
2 366 955
8 871 387
3 454 427
9 1 389
4 508 775
10 565 105
5 942 34
11 771 821
6 205 80
12 476 702
tail head weight
0 1 1031
0 2 256
0 3 580
0 4 178
0 5 1241
0 6 1176
0 7 703
0 8 817
0 9 1071
0 10 793
0 11 283
0 12 283
0 13 331
1 0 1031
1 2 891
1 3 451
1 4 853
1 5 660
1 6 145
1 7 1062
1 8 828
1 9 636
1 10 240
1 11 1162
1 12 748
1 13 700
2 0 256
2 1 891
2 3 616
2 4 322
2 5 1497
2 6 1036
2 7 959
2 8 1073
2 9 931
2 10 1049
2 11 539
2 12 363
2 13 261
3 0 580
3 1 451
3 2 616
3 4 402
3 5 881
3 6 596
3 7 611
3 8 457
3 9 491
3 10 433
3 11 711
3 12 297
3 13 355
4 0 178
4 1 853
4 2 322
4 3 402
4 5 1175
4 6 998
4 7 637
4 8 751
4 9 893
4 10 727
4 11 309
4 12 105
4 13 153
5 0 1241
5 1 660
5 2 1497
5 3 881
5 4 1175
5 6 783
5 7 538
5 8 424
5 9 1296
5 10 448
5 11 958
5 12 1134
5 13 1236
6 0 1176
6 1 145
6 2 1036
6 3 596
6 4 998
6 5 783
6 7 1207
6 8 973
6 9 513
6 10 385
6 11 1307
6 12 893
6 13 845
7 0 703
7 1 1062
7 2 959
7 3 611
7 4 637
7 5 538
7 6 1207
7 8 234
7 9 1102
7 10 822
7 11 420
7 12 596
7 13 698
8 0 817
8 1 828
8 2 1073
8 3 457
8 4 751
8 5 424
8 6 973
8 7 234
8 9 872
8 10 588
8 11 534
8 12 710
8 13 812
9 0 1071
9 1 636
9 2 931
9 3 491
9 4 893
9 5 1296
9 6 513
9 7 1102
9 8 872
9 10 848
9 11 1202
9 12 788
9 13 740
10 0 793
10 1 240
10 2 1049
10 3 433
10 4 727
10 5 448
10 6 385
10 7 822
10 8 588
10 9 848
10 11 922
10 12 686
10 13 788
11 0 283
11 1 1162
11 2 539
11 3 711
11 4 309
11 5 958
11 6 1307
11 7 420
11 8 534
11 9 1202
11 10 922
11 12 414
11 13 462
12 0 283
12 1 748
12 2 363
12 3 297
12 4 105
12 5 1134
12 6 893
12 7 596
12 8 710
12 9 788
12 10 686
12 11 414
12 13 102
13 0 331
13 1 700
13 2 261
13 3 355
13 4 153
13 5 1236
13 6 845
13 7 698
13 8 812
13 9 740
13 10 788
13 11 462
13 12 102
