nnodes narcs type
12 132 digraph
nodename posx posy
0 491 413
11 782 189
1 805 385
6 747 856
2 191 955
7 560 474
3 276 160
8 58 510
4 459 313
9 681 475
5 21 252
10 699 975
tail head weight
0 1 316
0 2 620
0 3 333
0 4 105
0 5 497
0 6 512
0 7 93
0 8 444
0 9 200
0 10 600
0 11 368
1 0 316
1 2 838
1 3 575
1 4 354
1 5 796
1 6 475
1 7 261
1 8 758
1 9 154
1 10 600
1 11 198
2 0 620
2 1 838
2 3 800
2 4 696
2 5 724
2 6 565
2 7 607
2 8 465
2 9 686
2 10 509
2 11 968
3 0 333
3 1 575
3 2 800
3 4 239
3 5 272
3 6 841
3 7 424
3 8 413
3 9 514
3 10 919
3 11 507
4 0 105
4 1 354
4 2 696
4 3 239
4 5 443
4 6 615
4 7 191
4 8 447
4 9 275
4 10 705
4 11 346
5 0 497
5 1 796
5 2 724
5 3 272
5 4 443
5 6 945
5 7 583
5 8 261
5 9 697
5 10 992
5 11 764
6 0 512
6 1 475
6 2 565
6 3 841
6 4 615
6 5 945
6 7 426
6 8 771
6 9 387
6 10 129
6 11 668
7 0 93
7 1 261
7 2 607
7 3 424
7 4 191
7 5 583
7 6 426
7 8 504
7 9 122
7 10 520
7 11 362
8 0 444
8 1 758
8 2 465
8 3 413
8 4 447
8 5 261
8 6 771
8 7 504
8 9 624
8 10 792
8 11 792
9 0 200
9 1 154
9 2 686
9 3 514
9 4 275
9 5 697
9 6 387
9 7 122
9 8 624
9 10 501
9 11 304
10 0 600
10 1 600
10 2 509
10 3 919
10 4 705
10 5 992
10 6 129
10 7 520
10 8 792
10 9 501
10 11 791
11 0 368
11 1 198
11 2 968
11 3 507
11 4 346
11 5 764
11 6 668
11 7 362
11 8 792
11 9 304
11 10 791
