nnodes narcs type
32 992 digraph
nodename posx posy
0 905 761
31 500 625
1 658 441
16 576 416
2 607 768
17 167 841
3 324 515
18 42 555
4 15 791
19 284 396
5 335 758
20 11 606
6 257 496
21 301 897
7 987 895
22 252 498
8 159 474
23 753 34
9 851 663
24 726 848
10 907 689
25 89 775
11 674 379
26 604 921
12 544 928
27 969 601
13 956 690
28 417 114
14 426 612
29 616 902
15 267 834
30 195 825
tail head weight
0 1 405
0 2 299
0 3 631
0 4 891
0 5 571
0 6 701
0 7 158
0 8 800
0 9 112
0 10 73
0 11 447
0 12 398
0 13 88
0 14 502
0 15 643
0 16 477
0 17 743
0 18 888
0 19 721
0 20 908
0 21 620
0 22 704
0 23 743
0 24 200
0 25 817
0 26 341
0 27 173
0 28 811
0 29 322
0 30 713
0 31 428
1 0 405
1 2 331
1 3 343
1 4 733
1 5 453
1 6 405
1 7 561
1 8 501
1 9 295
1 10 352
1 11 65
1 12 501
1 13 389
1 14 289
1 15 555
1 16 86
1 17 634
1 18 627
1 19 377
1 20 668
1 21 580
1 22 410
1 23 418
1 24 413
1 25 660
1 26 484
1 27 350
1 28 407
1 29 463
1 30 602
1 31 243
2 0 299
2 1 331
2 3 380
2 4 593
2 5 273
2 6 444
2 7 401
2 8 536
2 9 266
2 10 311
2 11 395
2 12 172
2 13 358
2 14 239
2 15 347
2 16 354
2 17 447
2 18 604
2 19 493
2 20 618
2 21 333
2 22 447
2 23 749
2 24 144
2 25 519
2 26 154
2 27 399
2 28 682
2 29 135
2 30 416
2 31 179
3 0 631
3 1 343
3 2 380
3 4 415
3 5 244
3 6 70
3 7 765
3 8 171
3 9 548
3 10 609
3 11 376
3 12 468
3 13 656
3 14 141
3 15 325
3 16 271
3 17 362
3 18 285
3 19 126
3 20 326
3 21 383
3 22 74
3 23 645
3 24 523
3 25 351
3 26 494
3 27 651
3 28 412
3 29 485
3 30 336
3 31 208
4 0 891
4 1 733
4 2 593
4 3 415
4 5 322
4 6 382
4 7 978
4 8 349
4 9 846
4 10 898
4 11 778
4 12 547
4 13 947
4 14 449
4 15 256
4 16 675
4 17 161
4 18 238
4 19 478
4 20 186
4 21 306
4 22 377
4 23 1058
4 24 714
4 25 76
4 26 604
4 27 973
4 28 788
4 29 612
4 30 184
4 31 513
5 0 571
5 1 453
5 2 273
5 3 244
5 4 322
5 6 274
5 7 667
5 8 335
5 9 525
5 10 577
5 11 509
5 12 270
5 13 625
5 14 173
5 15 102
5 16 419
5 17 188
5 18 357
5 19 366
5 20 358
5 21 144
5 22 273
5 23 837
5 24 402
5 25 247
5 26 315
5 27 654
5 28 650
5 29 316
5 30 156
5 31 212
6 0 701
6 1 405
6 2 444
6 3 70
6 4 382
6 5 274
6 7 832
6 8 101
6 9 618
6 10 679
6 11 434
6 12 519
6 13 726
6 14 205
6 15 339
6 16 329
6 17 357
6 18 223
6 19 104
6 20 270
6 21 404
6 22 6
6 23 678
6 24 587
6 25 326
6 26 549
6 27 720
6 28 415
6 29 542
6 30 335
6 31 276
7 0 158
7 1 561
7 2 401
7 3 765
7 4 978
7 5 667
7 6 832
7 8 929
7 9 269
7 10 221
7 11 604
7 12 445
7 13 208
7 14 629
7 15 723
7 16 632
7 17 822
7 18 1005
7 19 863
7 20 1018
7 21 687
7 22 836
7 23 893
7 24 266
7 25 906
7 26 384
7 27 295
7 28 967
7 29 372
7 30 796
7 31 557
8 0 800
8 1 501
8 2 536
8 3 171
8 4 349
8 5 335
8 6 101
8 7 929
8 9 718
8 10 779
8 11 524
8 12 596
8 13 826
8 14 301
8 15 376
8 16 422
8 17 368
8 18 143
8 19 148
8 20 199
8 21 447
8 22 97
8 23 740
8 24 680
8 25 310
8 26 631
8 27 820
8 28 443
8 29 627
8 30 353
8 31 373
9 0 112
9 1 295
9 2 266
9 3 548
9 4 846
9 5 525
9 6 618
9 7 269
9 8 718
9 10 62
9 11 335
9 12 406
9 13 109
9 14 429
9 15 609
9 16 370
9 17 707
9 18 817
9 19 627
9 20 842
9 21 598
9 22 622
9 23 637
9 24 224
9 25 771
9 26 358
9 27 134
9 28 700
9 29 336
9 30 676
9 31 354
10 0 73
10 1 352
10 2 311
10 3 609
10 4 898
10 5 577
10 6 679
10 7 221
10 8 779
10 9 62
10 11 388
10 12 435
10 13 50
10 14 488
10 15 657
10 16 430
10 17 756
10 18 876
10 19 689
10 20 900
10 21 641
10 22 683
10 23 673
10 24 241
10 25 823
10 26 382
10 27 108
10 28 756
10 29 361
10 30 725
10 31 413
11 0 447
11 1 65
11 2 395
11 3 376
11 4 778
11 5 509
11 6 434
11 7 604
11 8 524
11 9 335
11 10 388
11 12 565
11 13 420
11 14 341
11 15 611
11 16 105
11 17 686
11 18 657
11 19 391
11 20 701
11 21 639
11 22 439
11 23 354
11 24 472
11 25 707
11 26 547
11 27 370
11 28 370
11 29 527
11 30 655
11 31 302
12 0 398
12 1 501
12 2 172
12 3 468
12 4 547
12 5 270
12 6 519
12 7 445
12 8 596
12 9 406
12 10 435
12 11 565
12 13 476
12 14 338
12 15 293
12 16 513
12 17 387
12 18 626
12 19 593
12 20 623
12 21 245
12 22 520
12 23 919
12 24 199
12 25 481
12 26 61
12 27 537
12 28 824
12 29 77
12 30 364
12 31 307
13 0 88
13 1 389
13 2 358
13 3 656
13 4 947
13 5 625
13 6 726
13 7 208
13 8 826
13 9 109
13 10 50
13 11 420
13 12 476
13 14 536
13 15 704
13 16 469
13 17 804
13 18 924
13 19 734
13 20 949
13 21 687
13 22 730
13 23 687
13 24 280
13 25 872
13 26 422
13 27 90
13 28 789
13 29 401
13 30 773
13 31 461
14 0 502
14 1 289
14 2 239
14 3 141
14 4 449
14 5 173
14 6 205
14 7 629
14 8 301
14 9 429
14 10 488
14 11 341
14 12 338
14 13 536
14 15 274
14 16 247
14 17 346
14 18 389
14 19 259
14 20 416
14 21 312
14 22 209
14 23 665
14 24 382
14 25 375
14 26 357
14 27 544
14 28 499
14 29 347
14 30 315
14 31 76
15 0 643
15 1 555
15 2 347
15 3 325
15 4 256
15 5 102
15 6 339
15 7 723
15 8 376
15 9 609
15 10 657
15 11 611
15 12 293
15 13 704
15 14 274
15 16 520
15 17 101
15 18 359
15 19 439
15 20 343
15 21 72
15 22 337
15 23 937
15 24 460
15 25 188
15 26 349
15 27 740
15 28 736
15 29 356
15 30 73
15 31 314
16 0 477
16 1 86
16 2 354
16 3 271
16 4 675
16 5 419
16 6 329
16 7 632
16 8 422
16 9 370
16 10 430
16 11 105
16 12 513
16 13 469
16 14 247
16 15 520
16 17 590
16 18 552
16 19 293
16 20 597
16 21 555
16 22 335
16 23 422
16 24 458
16 25 606
16 26 506
16 27 435
16 28 342
16 29 488
16 30 559
16 31 223
17 0 743
17 1 634
17 2 447
17 3 362
17 4 161
17 5 188
17 6 357
17 7 822
17 8 368
17 9 707
17 10 756
17 11 686
17 12 387
17 13 804
17 14 346
17 15 101
17 16 590
17 18 313
17 19 461
17 20 283
17 21 146
17 22 354
17 23 998
17 24 560
17 25 103
17 26 445
17 27 838
17 28 769
17 29 454
17 30 33
17 31 397
18 0 888
18 1 627
18 2 604
18 3 285
18 4 238
18 5 357
18 6 223
18 7 1005
18 8 143
18 9 817
18 10 876
18 11 657
18 12 626
18 13 924
18 14 389
18 15 359
18 16 552
18 17 313
18 19 290
18 20 60
18 21 430
18 22 218
18 23 882
18 24 745
18 25 225
18 26 671
18 27 929
18 28 579
18 29 671
18 30 311
18 31 464
19 0 721
19 1 377
19 2 493
19 3 126
19 4 478
19 5 366
19 6 104
19 7 863
19 8 148
19 9 627
19 10 689
19 11 391
19 12 593
19 13 734
19 14 259
19 15 439
19 16 293
19 17 461
19 18 290
19 20 345
19 21 502
19 22 107
19 23 593
19 24 633
19 25 427
19 26 615
19 27 716
19 28 312
19 29 606
19 30 439
19 31 315
20 0 908
20 1 668
20 2 618
20 3 326
20 4 186
20 5 358
20 6 270
20 7 1018
20 8 199
20 9 842
20 10 900
20 11 701
20 12 623
20 13 949
20 14 416
20 15 343
20 16 597
20 17 283
20 18 60
20 19 345
20 21 411
20 22 265
20 23 937
20 24 755
20 25 187
20 26 672
20 27 959
20 28 638
20 29 674
20 30 287
20 31 490
21 0 620
21 1 580
21 2 333
21 3 383
21 4 306
21 5 144
21 6 404
21 7 687
21 8 447
21 9 598
21 10 641
21 11 639
21 12 245
21 13 687
21 14 312
21 15 72
21 16 555
21 17 146
21 18 430
21 19 502
21 20 411
21 22 402
21 23 975
21 24 428
21 25 245
21 26 304
21 27 731
21 28 792
21 29 316
21 30 129
21 31 338
22 0 704
22 1 410
22 2 447
22 3 74
22 4 377
22 5 273
22 6 6
22 7 836
22 8 97
22 9 622
22 10 683
22 11 439
22 12 520
22 13 730
22 14 209
22 15 337
22 16 335
22 17 354
22 18 218
22 19 107
22 20 265
22 21 402
22 23 683
22 24 590
22 25 322
22 26 551
22 27 725
22 28 418
22 29 544
22 30 332
22 31 279
23 0 743
23 1 418
23 2 749
23 3 645
23 4 1058
23 5 837
23 6 678
23 7 893
23 8 740
23 9 637
23 10 673
23 11 354
23 12 919
23 13 687
23 14 665
23 15 937
23 16 422
23 17 998
23 18 882
23 19 593
23 20 937
23 21 975
23 22 683
23 24 815
23 25 995
23 26 900
23 27 607
23 28 346
23 29 879
23 30 969
23 31 643
24 0 200
24 1 413
24 2 144
24 3 523
24 4 714
24 5 402
24 6 587
24 7 266
24 8 680
24 9 224
24 10 241
24 11 472
24 12 199
24 13 280
24 14 382
24 15 460
24 16 458
24 17 560
24 18 745
24 19 633
24 20 755
24 21 428
24 22 590
24 23 815
24 25 642
24 26 143
24 27 347
24 28 797
24 29 123
24 30 532
24 31 318
25 0 817
25 1 660
25 2 519
25 3 351
25 4 76
25 5 247
25 6 326
25 7 906
25 8 310
25 9 771
25 10 823
25 11 707
25 12 481
25 13 872
25 14 375
25 15 188
25 16 606
25 17 103
25 18 225
25 19 427
25 20 187
25 21 245
25 22 322
25 23 995
25 24 642
25 26 536
25 27 898
25 28 738
25 29 543
25 30 118
25 31 438
26 0 341
26 1 484
26 2 154
26 3 494
26 4 604
26 5 315
26 6 549
26 7 384
26 8 631
26 9 358
26 10 382
26 11 547
26 12 61
26 13 422
26 14 357
26 15 349
26 16 506
26 17 445
26 18 671
26 19 615
26 20 672
26 21 304
26 22 551
26 23 900
26 24 143
26 25 536
26 27 486
26 28 829
26 29 23
26 30 421
26 31 314
27 0 173
27 1 350
27 2 399
27 3 651
27 4 973
27 5 654
27 6 720
27 7 295
27 8 820
27 9 134
27 10 108
27 11 370
27 12 537
27 13 90
27 14 544
27 15 740
27 16 435
27 17 838
27 18 929
27 19 716
27 20 959
27 21 731
27 22 725
27 23 607
27 24 347
27 25 898
27 26 486
27 28 737
27 29 464
27 30 806
27 31 470
28 0 811
28 1 407
28 2 682
28 3 412
28 4 788
28 5 650
28 6 415
28 7 967
28 8 443
28 9 700
28 10 756
28 11 370
28 12 824
28 13 789
28 14 499
28 15 736
28 16 342
28 17 769
28 18 579
28 19 312
28 20 638
28 21 792
28 22 418
28 23 346
28 24 797
28 25 738
28 26 829
28 27 737
28 29 813
28 30 745
28 31 518
29 0 322
29 1 463
29 2 135
29 3 485
29 4 612
29 5 316
29 6 542
29 7 372
29 8 627
29 9 336
29 10 361
29 11 527
29 12 77
29 13 401
29 14 347
29 15 356
29 16 488
29 17 454
29 18 671
29 19 606
29 20 674
29 21 316
29 22 544
29 23 879
29 24 123
29 25 543
29 26 23
29 27 464
29 28 813
29 30 428
29 31 301
30 0 713
30 1 602
30 2 416
30 3 336
30 4 184
30 5 156
30 6 335
30 7 796
30 8 353
30 9 676
30 10 725
30 11 655
30 12 364
30 13 773
30 14 315
30 15 73
30 16 559
30 17 33
30 18 311
30 19 439
30 20 287
30 21 129
30 22 332
30 23 969
30 24 532
30 25 118
30 26 421
30 27 806
30 28 745
30 29 428
30 31 365
31 0 428
31 1 243
31 2 179
31 3 208
31 4 513
31 5 212
31 6 276
31 7 557
31 8 373
31 9 354
31 10 413
31 11 302
31 12 307
31 13 461
31 14 76
31 15 314
31 16 223
31 17 397
31 18 464
31 19 315
31 20 490
31 21 338
31 22 279
31 23 643
31 24 318
31 25 438
31 26 314
31 27 470
31 28 518
31 29 301
31 30 365
