nnodes narcs type
22 462 digraph
nodename posx posy
0 837 782
1 53 443
2 612 992
3 263 52
4 571 619
5 4 102
6 195 773
7 876 991
8 883 349
9 46 866
10 822 935
11 819 655
12 268 369
13 635 105
14 669 658
15 656 119
16 830 786
17 603 57
18 950 345
19 740 473
20 116 829
21 790 126
tail head weight
0 1 855
0 2 308
0 3 929
0 4 312
0 5 1076
0 6 643
0 7 213
0 8 436
0 9 796
0 10 154
0 11 129
0 12 704
0 13 707
0 14 209
0 15 688
0 16 9
0 17 762
0 18 452
0 19 324
0 20 723
0 21 658
1 0 855
1 2 784
1 3 444
1 4 548
1 5 345
1 6 360
1 7 989
1 8 836
1 9 424
1 10 913
1 11 795
1 12 228
1 13 674
1 14 653
1 15 685
1 16 850
1 17 672
1 18 903
1 19 688
1 20 392
1 21 803
2 0 308
2 1 784
2 3 1003
2 4 376
2 5 1078
2 6 472
2 7 265
2 8 698
2 9 580
2 10 218
2 11 396
2 12 712
2 13 888
2 14 339
2 15 875
2 16 300
2 17 936
2 18 730
2 19 535
2 20 523
2 21 885
3 0 929
3 1 444
3 2 1003
3 4 646
3 5 264
3 6 725
3 7 1122
3 8 688
3 9 843
3 10 1046
3 11 821
3 12 318
3 13 376
3 14 730
3 15 399
3 16 928
3 17 341
3 18 747
3 19 637
3 20 791
3 21 533
4 0 312
4 1 548
4 2 376
4 3 646
4 5 768
4 6 407
4 7 482
4 8 413
4 9 581
4 10 404
4 11 251
4 12 393
4 13 518
4 14 106
4 15 508
4 16 309
4 17 563
4 18 468
4 19 224
4 20 502
4 21 540
5 0 1076
5 1 345
5 2 1078
5 3 264
5 4 768
5 6 698
5 7 1246
5 8 914
5 9 766
5 10 1168
5 11 985
5 12 376
5 13 632
5 14 867
5 15 653
5 16 1073
5 17 601
5 18 977
5 19 825
5 20 736
5 21 787
6 0 643
6 1 360
6 2 472
6 3 725
6 4 407
6 5 698
6 7 716
6 8 809
6 9 176
6 10 648
6 11 636
6 12 411
6 13 800
6 14 488
6 15 801
6 16 636
6 17 825
6 18 868
6 19 623
6 20 97
6 21 879
7 0 213
7 1 989
7 2 265
7 3 1122
7 4 482
7 5 1246
7 6 716
7 8 643
7 9 840
7 10 78
7 11 341
7 12 870
7 13 919
7 14 393
7 15 900
7 16 211
7 17 974
7 18 651
7 19 536
7 20 778
7 21 870
8 0 436
8 1 836
8 2 698
8 3 688
8 4 413
8 5 914
8 6 809
8 7 643
8 9 984
8 10 590
8 11 313
8 12 616
8 13 348
8 14 376
8 15 324
8 16 441
8 17 405
8 18 68
8 19 190
8 20 905
8 21 242
9 0 796
9 1 424
9 2 580
9 3 843
9 4 581
9 5 766
9 6 176
9 7 840
9 8 984
9 10 780
9 11 802
9 12 545
9 13 963
9 14 657
9 15 965
9 16 789
9 17 983
9 18 1044
9 19 798
9 20 80
9 21 1050
10 0 154
10 1 913
10 2 218
10 3 1046
10 4 404
10 5 1168
10 6 648
10 7 78
10 8 590
10 9 780
10 11 281
10 12 793
10 13 851
10 14 317
10 15 833
10 16 150
10 17 905
10 18 604
10 19 470
10 20 714
10 21 810
11 0 129
11 1 795
11 2 396
11 3 821
11 4 251
11 5 985
11 6 636
11 7 341
11 8 313
11 9 802
11 10 281
11 12 621
11 13 580
11 14 151
11 15 561
11 16 132
11 17 636
11 18 337
11 19 199
11 20 725
11 21 530
12 0 704
12 1 228
12 2 712
12 3 318
12 4 393
12 5 376
12 6 411
12 7 870
12 8 616
12 9 545
12 10 793
12 11 621
12 13 453
12 14 495
12 15 462
12 16 700
12 17 458
12 18 683
12 19 484
12 20 485
12 21 576
13 0 707
13 1 674
13 2 888
13 3 376
13 4 518
13 5 632
13 6 800
13 7 919
13 8 348
13 9 963
13 10 851
13 11 580
13 12 453
13 14 555
13 15 26
13 16 709
13 17 58
13 18 397
13 19 383
13 20 891
13 21 157
14 0 209
14 1 653
14 2 339
14 3 730
14 4 106
14 5 867
14 6 488
14 7 393
14 8 376
14 9 657
14 10 317
14 11 151
14 12 495
14 13 555
14 15 540
14 16 206
14 17 605
14 18 421
14 19 199
14 20 579
14 21 546
15 0 688
15 1 685
15 2 875
15 3 399
15 4 508
15 5 653
15 6 801
15 7 900
15 8 324
15 9 965
15 10 833
15 11 561
15 12 462
15 13 26
15 14 540
15 16 690
15 17 82
15 18 371
15 19 364
15 20 893
15 21 135
16 0 9
16 1 850
16 2 300
16 3 928
16 4 309
16 5 1073
16 6 636
16 7 211
16 8 441
16 9 789
16 10 150
16 11 132
16 12 700
16 13 709
16 14 206
16 15 690
16 17 764
16 18 458
16 19 326
16 20 716
16 21 662
17 0 762
17 1 672
17 2 936
17 3 341
17 4 563
17 5 601
17 6 825
17 7 974
17 8 405
17 9 983
17 10 905
17 11 636
17 12 458
17 13 58
17 14 605
17 15 82
17 16 764
17 18 451
17 19 438
17 20 913
17 21 200
18 0 452
18 1 903
18 2 730
18 3 747
18 4 468
18 5 977
18 6 868
18 7 651
18 8 68
18 9 1044
18 10 604
18 11 337
18 12 683
18 13 397
18 14 421
18 15 371
18 16 458
18 17 451
18 19 246
18 20 965
18 21 272
19 0 324
19 1 688
19 2 535
19 3 637
19 4 224
19 5 825
19 6 623
19 7 536
19 8 190
19 9 798
19 10 470
19 11 199
19 12 484
19 13 383
19 14 199
19 15 364
19 16 326
19 17 438
19 18 246
19 20 719
19 21 351
20 0 723
20 1 392
20 2 523
20 3 791
20 4 502
20 5 736
20 6 97
20 7 778
20 8 905
20 9 80
20 10 714
20 11 725
20 12 485
20 13 891
20 14 579
20 15 893
20 16 716
20 17 913
20 18 965
20 19 719
20 21 974
21 0 658
21 1 803
21 2 885
21 3 533
21 4 540
21 5 787
21 6 879
21 7 870
21 8 242
21 9 1050
21 10 810
21 11 530
21 12 576
21 13 157
21 14 546
21 15 135
21 16 662
21 17 200
21 18 272
21 19 351
21 20 974
