nnodes narcs type
22 462 digraph
nodename posx posy
0 180 606
1 98 699
2 992 115
3 190 252
4 980 927
5 982 160
6 255 322
7 127 17
8 792 734
9 565 569
10 322 871
11 685 791
12 625 287
13 942 853
14 662 961
15 638 154
16 489 385
17 985 784
18 103 928
19 392 810
20 245 175
21 38 476
tail head weight
0 1 124
0 2 949
0 3 355
0 4 862
0 5 918
0 6 294
0 7 592
0 8 626
0 9 387
0 10 301
0 11 538
0 12 548
0 13 802
0 14 599
0 15 644
0 16 380
0 17 825
0 18 332
0 19 295
0 20 436
0 21 193
1 0 124
1 2 1068
1 3 457
1 4 911
1 5 1036
1 6 409
1 7 683
1 8 695
1 9 485
1 10 283
1 11 595
1 12 669
1 13 858
1 14 622
1 15 768
1 16 502
1 17 892
1 18 230
1 19 315
1 20 545
1 21 231
2 0 949
2 1 1068
2 3 814
2 4 813
2 5 47
2 6 766
2 7 871
2 8 651
2 9 624
2 10 1011
2 11 743
2 12 406
2 13 740
2 14 909
2 15 357
2 16 571
2 17 670
2 18 1205
2 19 919
2 20 750
2 21 1021
3 0 355
3 1 457
3 2 814
3 4 1040
3 5 798
3 6 96
3 7 244
3 8 772
3 9 492
3 10 633
3 11 732
3 12 437
3 13 963
3 14 852
3 15 459
3 16 328
3 17 957
3 18 682
3 19 594
3 20 95
3 21 271
4 0 862
4 1 911
4 2 813
4 3 1040
4 5 768
4 6 945
4 7 1248
4 8 270
4 9 549
4 10 661
4 11 325
4 12 732
4 13 84
4 14 320
4 15 846
4 16 732
4 17 144
4 18 878
4 19 600
4 20 1052
4 21 1045
5 0 918
5 1 1036
5 2 47
5 3 798
5 4 768
5 6 745
5 7 867
5 8 605
5 9 585
5 10 971
5 11 698
5 12 379
5 13 695
5 14 863
5 15 345
5 16 542
5 17 625
5 18 1168
5 19 878
5 20 738
5 21 996
6 0 294
6 1 409
6 2 766
6 3 96
6 4 945
6 5 745
6 7 331
6 8 677
6 9 397
6 10 554
6 11 637
6 12 372
6 13 869
6 14 758
6 15 419
6 16 243
6 17 864
6 18 625
6 19 507
6 20 148
6 21 267
7 0 592
7 1 683
7 2 871
7 3 244
7 4 1248
7 5 867
7 6 331
7 8 978
7 9 705
7 10 876
7 11 955
7 12 567
7 13 1168
7 14 1086
7 15 530
7 16 517
7 17 1151
7 18 912
7 19 837
7 20 198
7 21 468
8 0 626
8 1 695
8 2 651
8 3 772
8 4 270
8 5 605
8 6 677
8 7 978
8 9 281
8 10 490
8 11 122
8 12 478
8 13 192
8 14 262
8 15 601
8 16 463
8 17 200
8 18 716
8 19 408
8 20 783
8 21 797
9 0 387
9 1 485
9 2 624
9 3 492
9 4 549
9 5 585
9 6 397
9 7 705
9 8 281
9 10 388
9 11 253
9 12 289
9 13 473
9 14 404
9 15 422
9 16 200
9 17 472
9 18 586
9 19 297
9 20 508
9 21 536
10 0 301
10 1 283
10 2 1011
10 3 633
10 4 661
10 5 971
10 6 554
10 7 876
10 8 490
10 9 388
10 11 372
10 12 658
10 13 621
10 14 352
10 15 784
10 16 514
10 17 669
10 18 227
10 19 93
10 20 701
10 21 487
11 0 538
11 1 595
11 2 743
11 3 732
11 4 325
11 5 698
11 6 637
11 7 955
11 8 122
11 9 253
11 10 372
11 12 508
11 13 265
11 14 172
11 15 639
11 16 451
11 17 301
11 18 598
11 19 294
11 20 758
11 21 720
12 0 548
12 1 669
12 2 406
12 3 437
12 4 732
12 5 379
12 6 372
12 7 567
12 8 478
12 9 289
12 10 658
12 11 508
12 13 649
12 14 676
12 15 134
12 16 168
12 17 614
12 18 827
12 19 573
12 20 397
12 21 617
13 0 802
13 1 858
13 2 740
13 3 963
13 4 84
13 5 695
13 6 869
13 7 1168
13 8 192
13 9 473
13 10 621
13 11 265
13 12 649
13 14 301
13 15 763
13 16 652
13 17 82
13 18 843
13 19 552
13 20 973
13 21 980
14 0 599
14 1 622
14 2 909
14 3 852
14 4 320
14 5 863
14 6 758
14 7 1086
14 8 262
14 9 404
14 10 352
14 11 172
14 12 676
14 13 301
14 15 808
14 16 602
14 17 369
14 18 560
14 19 310
14 20 890
14 21 791
15 0 644
15 1 768
15 2 357
15 3 459
15 4 846
15 5 345
15 6 419
15 7 530
15 8 601
15 9 422
15 10 784
15 11 639
15 12 134
15 13 763
15 14 808
15 16 275
15 17 720
15 18 941
15 19 701
15 20 394
15 21 681
16 0 380
16 1 502
16 2 571
16 3 328
16 4 732
16 5 542
16 6 243
16 7 517
16 8 463
16 9 200
16 10 514
16 11 451
16 12 168
16 13 652
16 14 602
16 15 275
16 17 637
16 18 667
16 19 436
16 20 322
16 21 461
17 0 825
17 1 892
17 2 670
17 3 957
17 4 144
17 5 625
17 6 864
17 7 1151
17 8 200
17 9 472
17 10 669
17 11 301
17 12 614
17 13 82
17 14 369
17 15 720
17 16 637
17 18 894
17 19 594
17 20 959
17 21 996
18 0 332
18 1 230
18 2 1205
18 3 682
18 4 878
18 5 1168
18 6 625
18 7 912
18 8 716
18 9 586
18 10 227
18 11 598
18 12 827
18 13 843
18 14 560
18 15 941
18 16 667
18 17 894
18 19 313
18 20 767
18 21 457
19 0 295
19 1 315
19 2 919
19 3 594
19 4 600
19 5 878
19 6 507
19 7 837
19 8 408
19 9 297
19 10 93
19 11 294
19 12 573
19 13 552
19 14 310
19 15 701
19 16 436
19 17 594
19 18 313
19 20 652
19 21 487
20 0 436
20 1 545
20 2 750
20 3 95
20 4 1052
20 5 738
20 6 148
20 7 198
20 8 783
20 9 508
20 10 701
20 11 758
20 12 397
20 13 973
20 14 890
20 15 394
20 16 322
20 17 959
20 18 767
20 19 652
20 21 366
21 0 193
21 1 231
21 2 1021
21 3 271
21 4 1045
21 5 996
21 6 267
21 7 468
21 8 797
21 9 536
21 10 487
21 11 720
21 12 617
21 13 980
21 14 791
21 15 681
21 16 461
21 17 996
21 18 457
21 19 487
21 20 366
