nnodes narcs type
22 462 digraph
nodename posx posy
0 681 758
1 537 866
2 817 920
3 407 524
4 827 505
5 902 824
6 35 684
7 19 320
8 775 511
9 399 653
10 971 882
11 470 142
12 91 353
13 833 799
14 726 958
15 853 50
16 664 697
17 574 189
18 124 149
19 313 569
20 341 304
21 691 681
tail head weight
0 1 180
0 2 212
0 3 361
0 4 293
0 5 231
0 6 651
0 7 794
0 8 265
0 9 301
0 10 316
0 11 652
0 12 716
0 13 158
0 14 205
0 15 729
0 16 64
0 17 579
0 18 826
0 19 414
0 20 568
0 21 78
1 0 180
1 2 286
1 3 366
1 4 464
1 5 368
1 6 534
1 7 753
1 8 428
1 9 254
1 10 435
1 11 728
1 12 680
1 13 304
1 14 211
1 15 876
1 16 212
1 17 679
1 18 828
1 19 373
1 20 596
1 21 241
2 0 212
2 1 286
2 3 571
2 4 416
2 5 129
2 6 817
2 7 999
2 8 412
2 9 496
2 10 159
2 11 852
2 12 922
2 13 123
2 14 99
2 15 871
2 16 271
2 17 771
2 18 1037
2 19 615
2 20 779
2 21 271
3 0 361
3 1 366
3 2 571
3 4 421
3 5 579
3 6 405
3 7 439
3 8 369
3 9 130
3 10 669
3 11 388
3 12 360
3 13 508
3 14 539
3 15 651
3 16 310
3 17 375
3 18 470
3 19 105
3 20 230
3 21 325
4 0 293
4 1 464
4 2 416
4 3 421
4 5 328
4 6 812
4 7 829
4 8 53
4 9 453
4 10 404
4 11 510
4 12 752
4 13 295
4 14 465
4 15 456
4 16 252
4 17 405
4 18 789
4 19 518
4 20 526
4 21 223
5 0 231
5 1 368
5 2 129
5 3 579
5 4 328
5 6 879
5 7 1017
5 8 338
5 9 532
5 10 91
5 11 808
5 12 938
5 13 74
5 14 222
5 15 776
5 16 270
5 17 715
5 18 1031
5 19 642
5 20 765
5 21 255
6 0 651
6 1 534
6 2 817
6 3 405
6 4 812
6 5 879
6 7 365
6 8 760
6 9 366
6 10 957
6 11 695
6 12 336
6 13 807
6 14 744
6 15 1035
6 16 630
6 17 732
6 18 543
6 19 301
6 20 488
6 21 657
7 0 794
7 1 753
7 2 999
7 3 439
7 4 829
7 5 1017
7 6 365
7 8 780
7 9 506
7 10 1106
7 11 485
7 12 80
7 13 945
7 14 953
7 15 877
7 16 748
7 17 571
7 18 201
7 19 386
7 20 323
7 21 763
8 0 265
8 1 428
8 2 412
8 3 369
8 4 53
8 5 338
8 6 760
8 7 780
8 9 402
8 10 420
8 11 479
8 12 703
8 13 294
8 14 450
8 15 468
8 16 217
8 17 380
8 18 745
8 19 466
8 20 481
8 21 190
9 0 301
9 1 254
9 2 496
9 3 130
9 4 453
9 5 532
9 6 366
9 7 506
9 8 402
9 10 617
9 11 516
9 12 430
9 13 458
9 14 448
9 15 755
9 16 269
9 17 496
9 18 575
9 19 121
9 20 354
9 21 294
10 0 316
10 1 435
10 2 159
10 3 669
10 4 404
10 5 91
10 6 957
10 7 1106
10 8 420
10 9 617
10 11 894
10 12 1027
10 13 162
10 14 257
10 15 841
10 16 359
10 17 799
10 18 1121
10 19 729
10 20 855
10 21 345
11 0 652
11 1 728
11 2 852
11 3 388
11 4 510
11 5 808
11 6 695
11 7 485
11 8 479
11 9 516
11 10 894
11 12 434
11 13 751
11 14 856
11 15 394
11 16 588
11 17 115
11 18 347
11 19 455
11 20 208
11 21 583
12 0 716
12 1 680
12 2 922
12 3 360
12 4 752
12 5 938
12 6 336
12 7 80
12 8 703
12 9 430
12 10 1027
12 11 434
12 13 866
12 14 878
12 15 821
12 16 669
12 17 511
12 18 207
12 19 310
12 20 255
12 21 684
13 0 158
13 1 304
13 2 123
13 3 508
13 4 295
13 5 74
13 6 807
13 7 945
13 8 294
13 9 458
13 10 162
13 11 751
13 12 866
13 14 192
13 15 750
13 16 198
13 17 663
13 18 962
13 19 569
13 20 698
13 21 185
14 0 205
14 1 211
14 2 99
14 3 539
14 4 465
14 5 222
14 6 744
14 7 953
14 8 450
14 9 448
14 10 257
14 11 856
14 12 878
14 13 192
14 15 917
14 16 269
14 17 784
14 18 1009
14 19 568
14 20 759
14 21 280
15 0 729
15 1 876
15 2 871
15 3 651
15 4 456
15 5 776
15 6 1035
15 7 877
15 8 468
15 9 755
15 10 841
15 11 394
15 12 821
15 13 750
15 14 917
15 16 675
15 17 312
15 18 736
15 19 749
15 20 572
15 21 652
16 0 64
16 1 212
16 2 271
16 3 310
16 4 252
16 5 270
16 6 630
16 7 748
16 8 217
16 9 269
16 10 359
16 11 588
16 12 669
16 13 198
16 14 269
16 15 675
16 17 516
16 18 770
16 19 374
16 20 509
16 21 32
17 0 579
17 1 679
17 2 771
17 3 375
17 4 405
17 5 715
17 6 732
17 7 571
17 8 380
17 9 496
17 10 799
17 11 115
17 12 511
17 13 663
17 14 784
17 15 312
17 16 516
17 18 452
17 19 461
17 20 260
17 21 506
18 0 826
18 1 828
18 2 1037
18 3 470
18 4 789
18 5 1031
18 6 543
18 7 201
18 8 745
18 9 575
18 10 1121
18 11 347
18 12 207
18 13 962
18 14 1009
18 15 736
18 16 770
18 17 452
18 19 461
18 20 267
18 21 778
19 0 414
19 1 373
19 2 615
19 3 105
19 4 518
19 5 642
19 6 301
19 7 386
19 8 466
19 9 121
19 10 729
19 11 455
19 12 310
19 13 569
19 14 568
19 15 749
19 16 374
19 17 461
19 18 461
19 20 267
19 21 395
20 0 568
20 1 596
20 2 779
20 3 230
20 4 526
20 5 765
20 6 488
20 7 323
20 8 481
20 9 354
20 10 855
20 11 208
20 12 255
20 13 698
20 14 759
20 15 572
20 16 509
20 17 260
20 18 267
20 19 267
20 21 515
21 0 78
21 1 241
21 2 271
21 3 325
21 4 223
21 5 255
21 6 657
21 7 763
21 8 190
21 9 294
21 10 345
21 11 583
21 12 684
21 13 185
21 14 280
21 15 652
21 16 32
21 17 506
21 18 778
21 19 395
21 20 515
