nnodes narcs type
32 992 digraph
nodename posx posy
0 392 907
1 640 57
2 633 512
3 750 801
4 95 637
5 117 559
6 600 487
7 236 884
8 896 271
9 188 998
10 703 446
11 580 789
12 860 246
13 962 75
14 153 655
15 434 996
16 85 696
17 284 973
18 219 68
19 46 93
20 749 957
21 452 203
22 911 217
23 473 431
24 340 550
25 611 288
26 253 733
27 356 22
28 761 521
29 757 836
30 99 801
31 179 222
tail head weight
0 1 886
0 2 463
0 3 374
0 4 402
0 5 444
0 6 469
0 7 158
0 8 812
0 9 224
0 10 557
0 11 222
0 12 810
0 13 1009
0 14 348
0 15 99
0 16 373
0 17 127
0 18 857
0 19 885
0 20 361
0 21 707
0 22 864
0 23 483
0 24 361
0 25 657
0 26 223
0 27 886
0 28 535
0 29 372
0 30 312
0 31 718
1 0 886
1 2 456
1 3 753
1 4 796
1 5 725
1 6 432
1 7 921
1 8 334
1 9 1044
1 10 395
1 11 735
1 12 291
1 13 323
1 14 772
1 15 962
1 16 847
1 17 983
1 18 422
1 19 596
1 20 907
1 21 239
1 22 315
1 23 410
1 24 578
1 25 233
1 26 779
1 27 287
1 28 480
1 29 788
1 30 920
1 31 490
2 0 463
2 1 456
2 3 312
2 4 553
2 5 519
2 6 42
2 7 545
2 8 357
2 9 659
2 10 97
2 11 283
2 12 350
2 13 548
2 14 501
2 15 524
2 16 579
2 17 579
2 18 608
2 19 722
2 20 460
2 21 359
2 22 406
2 23 180
2 24 296
2 25 226
2 26 440
2 27 563
2 28 129
2 29 347
2 30 608
2 31 539
3 0 374
3 1 753
3 2 312
3 4 676
3 5 678
3 6 348
3 7 521
3 8 550
3 9 596
3 10 359
3 11 171
3 12 566
3 13 757
3 14 615
3 15 372
3 16 674
3 17 497
3 18 906
3 19 999
3 20 157
3 21 669
3 22 606
3 23 463
3 24 481
3 25 532
3 26 502
3 27 873
3 28 281
3 29 36
3 30 651
3 31 814
4 0 402
4 1 796
4 2 553
4 3 676
4 5 82
4 6 527
4 7 285
4 8 881
4 9 373
4 10 638
4 11 509
4 12 860
4 13 1034
4 14 61
4 15 494
4 16 60
4 17 386
4 18 583
4 19 547
4 20 729
4 21 562
4 22 918
4 23 431
4 24 260
4 25 623
4 26 185
4 27 669
4 28 677
4 29 692
4 30 165
4 31 424
5 0 444
5 1 725
5 2 519
5 3 678
5 4 82
5 6 489
5 7 347
5 8 831
5 9 445
5 10 597
5 11 517
5 12 807
5 13 974
5 14 103
5 15 540
5 16 141
5 17 447
5 18 502
5 19 472
5 20 747
5 21 489
5 22 865
5 23 379
5 24 224
5 25 564
5 26 221
5 27 588
5 28 646
5 29 698
5 30 243
5 31 343
6 0 469
6 1 432
6 2 42
6 3 348
6 4 527
6 5 489
6 7 539
6 8 367
6 9 657
6 10 111
6 11 303
6 12 355
6 13 549
6 14 478
6 15 536
6 16 556
6 17 580
6 18 567
6 19 680
6 20 494
6 21 321
6 22 412
6 23 139
6 24 268
6 25 200
6 26 426
6 27 526
6 28 165
6 29 383
6 30 592
6 31 498
7 0 158
7 1 921
7 2 545
7 3 521
7 4 285
7 5 347
7 6 539
7 8 901
7 9 124
7 10 641
7 11 357
7 12 893
7 13 1087
7 14 244
7 15 228
7 16 242
7 17 102
7 18 817
7 19 814
7 20 519
7 21 715
7 22 949
7 23 512
7 24 350
7 25 705
7 26 152
7 27 871
7 28 639
7 29 524
7 30 161
7 31 665
8 0 812
8 1 334
8 2 357
8 3 550
8 4 881
8 5 831
8 6 367
8 7 901
8 9 1015
8 10 261
8 11 607
8 12 44
8 13 207
8 14 837
8 15 860
8 16 916
8 17 932
8 18 707
8 19 869
8 20 702
8 21 450
8 22 57
8 23 453
8 24 623
8 25 286
8 26 792
8 27 595
8 28 285
8 29 582
8 30 958
8 31 719
9 0 224
9 1 1044
9 2 659
9 3 596
9 4 373
9 5 445
9 6 657
9 7 124
9 8 1015
9 10 755
9 11 445
9 12 1009
9 13 1205
9 14 345
9 15 247
9 16 320
9 17 100
9 18 931
9 19 917
9 20 563
9 21 838
9 22 1065
9 23 635
9 24 474
9 25 827
9 26 273
9 27 991
9 28 746
9 29 592
9 30 217
9 31 777
10 0 557
10 1 395
10 2 97
10 3 359
10 4 638
10 5 597
10 6 111
10 7 641
10 8 261
10 9 755
10 11 365
10 12 255
10 13 453
10 14 589
10 15 613
10 16 667
10 17 674
10 18 615
10 19 746
10 20 514
10 21 350
10 22 310
10 23 231
10 24 378
10 25 183
10 26 534
10 27 548
10 28 95
10 29 394
10 30 701
10 31 570
11 0 222
11 1 735
11 2 283
11 3 171
11 4 509
11 5 517
11 6 303
11 7 357
11 8 607
11 9 445
11 10 365
11 12 611
11 13 810
11 14 448
11 15 254
11 16 504
11 17 349
11 18 807
11 19 878
11 20 239
11 21 600
11 22 661
11 23 374
11 24 339
11 25 502
11 26 332
11 27 800
11 28 324
11 29 184
11 30 482
11 31 695
12 0 810
12 1 291
12 2 350
12 3 566
12 4 860
12 5 807
12 6 355
12 7 893
12 8 44
12 9 1009
12 10 255
12 11 611
12 13 200
12 14 817
12 15 863
12 16 897
12 17 928
12 18 666
12 19 829
12 20 720
12 21 411
12 22 59
12 23 429
12 24 603
12 25 253
12 26 779
12 27 552
12 28 293
12 29 599
12 30 942
12 31 682
13 0 1009
13 1 323
13 2 548
13 3 757
13 4 1034
13 5 974
13 6 549
13 7 1087
13 8 207
13 9 1205
13 10 453
13 11 810
13 12 200
13 14 996
13 15 1062
13 16 1075
13 17 1126
13 18 744
13 19 917
13 20 908
13 21 526
13 22 151
13 23 605
13 24 783
13 25 411
13 26 968
13 27 609
13 28 490
13 29 789
13 30 1128
13 31 797
14 0 348
14 1 772
14 2 501
14 3 615
14 4 61
14 5 103
14 6 478
14 7 244
14 8 837
14 9 345
14 10 589
14 11 448
14 12 817
14 13 996
14 15 442
14 16 80
14 17 344
14 18 591
14 19 573
14 20 669
14 21 542
14 22 876
14 23 391
14 24 215
14 25 587
14 26 127
14 27 665
14 28 623
14 29 631
14 30 156
14 31 434
15 0 99
15 1 962
15 2 524
15 3 372
15 4 494
15 5 540
15 6 536
15 7 228
15 8 860
15 9 247
15 10 613
15 11 254
15 12 863
15 13 1062
15 14 442
15 16 461
15 17 152
15 18 953
15 19 983
15 20 318
15 21 794
15 22 914
15 23 567
15 24 456
15 25 730
15 26 320
15 27 978
15 28 577
15 29 361
15 30 388
15 31 815
16 0 373
16 1 847
16 2 579
16 3 674
16 4 60
16 5 141
16 6 556
16 7 242
16 8 916
16 9 320
16 10 667
16 11 504
16 12 897
16 13 1075
16 14 80
16 15 461
16 17 342
16 18 643
16 19 605
16 20 714
16 21 615
16 22 955
16 23 470
16 24 294
16 25 666
16 26 173
16 27 727
16 28 699
16 29 687
16 30 106
16 31 484
17 0 127
17 1 983
17 2 579
17 3 497
17 4 386
17 5 447
17 6 580
17 7 102
17 8 932
17 9 100
17 10 674
17 11 349
17 12 928
17 13 1126
17 14 344
17 15 152
17 16 342
17 18 908
17 19 912
17 20 466
17 21 789
17 22 983
17 23 575
17 24 427
17 25 760
17 26 242
17 27 954
17 28 658
17 29 493
17 30 253
17 31 759
18 0 857
18 1 422
18 2 608
18 3 906
18 4 583
18 5 502
18 6 567
18 7 817
18 8 707
18 9 931
18 10 615
18 11 807
18 12 666
18 13 744
18 14 591
18 15 953
18 16 643
18 17 908
18 19 175
18 20 1035
18 21 270
18 22 708
18 23 444
18 24 497
18 25 450
18 26 666
18 27 145
18 28 707
18 29 938
18 30 743
18 31 160
19 0 885
19 1 596
19 2 722
19 3 999
19 4 547
19 5 472
19 6 680
19 7 814
19 8 869
19 9 917
19 10 746
19 11 878
19 12 829
19 13 917
19 14 573
19 15 983
19 16 605
19 17 912
19 18 175
19 20 1114
19 21 421
19 22 874
19 23 545
19 24 544
19 25 598
19 26 673
19 27 319
19 28 834
19 29 1029
19 30 710
19 31 186
20 0 361
20 1 907
20 2 460
20 3 157
20 4 729
20 5 747
20 6 494
20 7 519
20 8 702
20 9 563
20 10 514
20 11 239
20 12 720
20 13 908
20 14 669
20 15 318
20 16 714
20 17 466
20 18 1035
20 19 1114
20 21 811
20 22 758
20 23 595
20 24 578
20 25 684
20 26 545
20 27 1015
20 28 437
20 29 122
20 30 669
20 31 931
21 0 707
21 1 239
21 2 359
21 3 669
21 4 562
21 5 489
21 6 321
21 7 715
21 8 450
21 9 838
21 10 350
21 11 600
21 12 411
21 13 526
21 14 542
21 15 794
21 16 615
21 17 789
21 18 270
21 19 421
21 20 811
21 22 460
21 23 229
21 24 365
21 25 181
21 26 567
21 27 205
21 28 444
21 29 703
21 30 695
21 31 274
22 0 864
22 1 315
22 2 406
22 3 606
22 4 918
22 5 865
22 6 412
22 7 949
22 8 57
22 9 1065
22 10 310
22 11 661
22 12 59
22 13 151
22 14 876
22 15 914
22 16 955
22 17 983
22 18 708
22 19 874
22 20 758
22 21 460
22 23 488
22 24 662
22 25 309
22 26 837
22 27 589
22 28 339
22 29 638
22 30 1001
22 31 733
23 0 483
23 1 410
23 2 180
23 3 463
23 4 431
23 5 379
23 6 139
23 7 512
23 8 453
23 9 635
23 10 231
23 11 374
23 12 429
23 13 605
23 14 391
23 15 567
23 16 470
23 17 575
23 18 444
23 19 545
23 20 595
23 21 229
23 22 488
23 24 179
23 25 199
23 26 374
23 27 426
23 28 302
23 29 495
23 30 527
23 31 361
24 0 361
24 1 578
24 2 296
24 3 481
24 4 260
24 5 224
24 6 268
24 7 350
24 8 623
24 9 474
24 10 378
24 11 339
24 12 603
24 13 783
24 14 215
24 15 456
24 16 294
24 17 427
24 18 497
24 19 544
24 20 578
24 21 365
24 22 662
24 23 179
24 25 377
24 26 203
24 27 529
24 28 422
24 29 506
24 30 348
24 31 366
25 0 657
25 1 233
25 2 226
25 3 532
25 4 623
25 5 564
25 6 200
25 7 705
25 8 286
25 9 827
25 10 183
25 11 502
25 12 253
25 13 411
25 14 587
25 15 730
25 16 666
25 17 760
25 18 450
25 19 598
25 20 684
25 21 181
25 22 309
25 23 199
25 24 377
25 26 572
25 27 369
25 28 278
25 29 568
25 30 725
25 31 438
26 0 223
26 1 779
26 2 440
26 3 502
26 4 185
26 5 221
26 6 426
26 7 152
26 8 792
26 9 273
26 10 534
26 11 332
26 12 779
26 13 968
26 14 127
26 15 320
26 16 173
26 17 242
26 18 666
26 19 673
26 20 545
26 21 567
26 22 837
26 23 374
26 24 203
26 25 572
26 27 719
26 28 551
26 29 515
26 30 169
26 31 517
27 0 886
27 1 287
27 2 563
27 3 873
27 4 669
27 5 588
27 6 526
27 7 871
27 8 595
27 9 991
27 10 548
27 11 800
27 12 552
27 13 609
27 14 665
27 15 978
27 16 727
27 17 954
27 18 145
27 19 319
27 20 1015
27 21 205
27 22 589
27 23 426
27 24 529
27 25 369
27 26 719
27 28 643
27 29 908
27 30 821
27 31 268
28 0 535
28 1 480
28 2 129
28 3 281
28 4 677
28 5 646
28 6 165
28 7 639
28 8 285
28 9 746
28 10 95
28 11 324
28 12 293
28 13 490
28 14 623
28 15 577
28 16 699
28 17 658
28 18 707
28 19 834
28 20 437
28 21 444
28 22 339
28 23 302
28 24 422
28 25 278
28 26 551
28 27 643
28 29 316
28 30 719
28 31 655
29 0 372
29 1 788
29 2 347
29 3 36
29 4 692
29 5 698
29 6 383
29 7 524
29 8 582
29 9 592
29 10 394
29 11 184
29 12 599
29 13 789
29 14 631
29 15 361
29 16 687
29 17 493
29 18 938
29 19 1029
29 20 122
29 21 703
29 22 638
29 23 495
29 24 506
29 25 568
29 26 515
29 27 908
29 28 316
29 30 659
29 31 844
30 0 312
30 1 920
30 2 608
30 3 651
30 4 165
30 5 243
30 6 592
30 7 161
30 8 958
30 9 217
30 10 701
30 11 482
30 12 942
30 13 1128
30 14 156
30 15 388
30 16 106
30 17 253
30 18 743
30 19 710
30 20 669
30 21 695
30 22 1001
30 23 527
30 24 348
30 25 725
30 26 169
30 27 821
30 28 719
30 29 659
30 31 585
31 0 718
31 1 490
31 2 539
31 3 814
31 4 424
31 5 343
31 6 498
31 7 665
31 8 719
31 9 777
31 10 570
31 11 695
31 12 682
31 13 797
31 14 434
31 15 815
31 16 484
31 17 759
31 18 160
31 19 186
31 20 931
31 21 274
31 22 733
31 23 361
31 24 366
31 25 438
31 26 517
31 27 268
31 28 655
31 29 844
31 30 585
