nnodes narcs type
32 992 digraph
nodename posx posy
0 492 74
1 412 375
2 419 728
3 276 760
4 675 393
5 868 456
6 919 191
7 738 688
8 98 547
9 977 998
10 95 663
11 662 189
12 735 36
13 779 368
14 694 524
15 278 216
16 866 872
17 797 272
18 880 61
19 595 879
20 728 341
21 396 698
22 18 176
23 611 395
24 444 232
25 914 75
26 264 454
27 795 717
28 734 383
29 563 850
30 505 366
31 143 884
tail head weight
0 1 312
0 2 659
0 3 720
0 4 368
0 5 537
0 6 443
0 7 662
0 8 616
0 9 1044
0 10 711
0 11 206
0 12 246
0 13 411
0 14 494
0 15 257
0 16 882
0 17 364
0 18 389
0 19 812
0 20 357
0 21 632
0 22 485
0 23 343
0 24 166
0 25 423
0 26 444
0 27 711
0 28 393
0 29 780
0 30 293
0 31 882
1 0 312
1 2 354
1 3 409
1 4 264
1 5 464
1 6 540
1 7 452
1 8 359
1 9 842
1 10 429
1 11 312
1 12 469
1 13 368
1 14 319
1 15 208
1 16 674
1 17 399
1 18 564
1 19 537
1 20 318
1 21 324
1 22 442
1 23 201
1 24 147
1 25 585
1 26 168
1 27 514
1 28 323
1 29 499
1 30 94
1 31 576
2 0 659
2 1 354
2 3 147
2 4 422
2 5 525
2 6 734
2 7 322
2 8 369
2 9 620
2 10 331
2 11 592
2 12 761
2 13 510
2 14 343
2 15 532
2 16 470
2 17 593
2 18 811
2 19 232
2 20 496
2 21 38
2 22 683
2 23 385
2 24 497
2 25 820
2 26 315
2 27 377
2 28 468
2 29 189
2 30 373
2 31 318
3 0 720
3 1 409
3 2 147
3 4 543
3 5 666
3 6 859
3 7 468
3 8 278
3 9 741
3 10 206
3 11 690
3 12 858
3 13 638
3 14 481
3 15 545
3 16 601
3 17 714
3 18 924
3 19 341
3 20 617
3 21 136
3 22 639
3 23 496
3 24 555
3 25 937
3 26 307
3 27 521
3 28 594
3 29 301
3 30 456
3 31 182
4 0 368
4 1 264
4 2 422
4 3 543
4 5 204
4 6 317
4 7 302
4 8 598
4 9 677
4 10 640
4 11 205
4 12 363
4 13 107
4 14 133
4 15 435
4 16 516
4 17 172
4 18 391
4 19 493
4 20 75
4 21 414
4 22 692
4 23 65
4 24 282
4 25 398
4 26 416
4 27 346
4 28 60
4 29 471
4 30 173
4 31 724
5 0 537
5 1 464
5 2 525
5 3 666
5 4 204
5 6 270
5 7 266
5 8 776
5 9 553
5 10 801
5 11 338
5 12 441
5 13 126
5 14 187
5 15 637
5 16 417
5 17 198
5 18 396
5 19 504
5 20 182
5 21 531
5 22 895
5 23 265
5 24 480
5 25 384
5 26 605
5 27 272
5 28 153
5 29 499
5 30 374
5 31 842
6 0 443
6 1 540
6 2 734
6 3 859
6 4 317
6 5 270
6 7 529
6 8 895
6 9 810
6 10 950
6 11 258
6 12 241
6 13 226
6 14 402
6 15 642
6 16 684
6 17 147
6 18 136
6 19 761
6 20 243
6 21 729
6 22 902
6 23 370
6 24 477
6 25 117
6 26 706
6 27 541
6 28 267
6 29 750
6 30 450
6 31 1041
7 0 662
7 1 452
7 2 322
7 3 468
7 4 302
7 5 266
7 6 529
7 8 656
7 9 392
7 10 644
7 11 505
7 12 653
7 13 323
7 14 170
7 15 660
7 16 225
7 17 421
7 18 643
7 19 239
7 20 348
7 21 343
7 22 884
7 23 320
7 24 543
7 25 638
7 26 529
7 27 64
7 28 306
7 29 239
7 30 398
7 31 627
8 0 616
8 1 359
8 2 369
8 3 278
8 4 598
8 5 776
8 6 895
8 7 656
8 9 988
8 10 117
8 11 669
8 12 817
8 13 705
8 14 597
8 15 377
8 16 834
8 17 752
8 18 921
8 19 598
8 20 663
8 21 335
8 22 380
8 23 536
8 24 468
8 25 943
8 26 191
8 27 718
8 28 657
8 29 556
8 30 446
8 31 340
9 0 1044
9 1 842
9 2 620
9 3 741
9 4 677
9 5 553
9 6 810
9 7 392
9 8 988
9 10 944
9 11 869
9 12 992
9 13 661
9 14 553
9 15 1049
9 16 168
9 17 748
9 18 943
9 19 401
9 20 703
9 21 654
9 22 1264
9 23 706
9 24 934
9 25 926
9 26 897
9 27 335
9 28 662
9 29 440
9 30 789
9 31 842
10 0 711
10 1 429
10 2 331
10 3 206
10 4 640
10 5 801
10 6 950
10 7 644
10 8 117
10 9 944
10 11 740
10 12 896
10 13 745
10 14 615
10 15 484
10 16 799
10 17 804
10 18 990
10 19 545
10 20 711
10 21 304
10 22 494
10 23 582
10 24 555
10 25 1009
10 26 269
10 27 703
10 28 698
10 29 504
10 30 507
10 31 227
11 0 206
11 1 312
11 2 592
11 3 690
11 4 205
11 5 338
11 6 258
11 7 505
11 8 669
11 9 869
11 10 740
11 12 170
11 13 214
11 14 337
11 15 385
11 16 713
11 17 159
11 18 253
11 19 694
11 20 166
11 21 575
11 22 645
11 23 213
11 24 223
11 25 277
11 26 479
11 27 545
11 28 207
11 29 669
11 30 237
11 31 868
12 0 246
12 1 469
12 2 761
12 3 858
12 4 363
12 5 441
12 6 241
12 7 653
12 8 817
12 9 992
12 10 896
12 11 170
12 13 335
12 14 490
12 15 492
12 16 847
12 17 245
12 18 148
12 19 855
12 20 306
12 21 744
12 22 731
12 23 380
12 24 351
12 25 184
12 26 630
12 27 684
12 28 348
12 29 832
12 30 403
12 31 1035
13 0 411
13 1 368
13 2 510
13 3 638
13 4 107
13 5 126
13 6 226
13 7 323
13 8 705
13 9 661
13 10 745
13 11 214
13 12 335
13 14 178
13 15 524
13 16 512
13 17 98
13 18 324
13 19 544
13 20 58
13 21 506
13 22 785
13 23 171
13 24 362
13 25 323
13 26 523
13 27 350
13 28 48
13 29 529
13 30 275
13 31 819
14 0 494
14 1 319
14 2 343
14 3 481
14 4 133
14 5 187
14 6 402
14 7 170
14 8 597
14 9 553
14 10 615
14 11 337
14 12 490
14 13 178
14 15 518
14 16 389
14 17 273
14 18 499
14 19 369
14 20 187
14 21 346
14 22 761
14 23 154
14 24 385
14 25 501
14 26 436
14 27 218
14 28 147
14 29 352
14 30 247
14 31 659
15 0 257
15 1 208
15 2 532
15 3 545
15 4 435
15 5 637
15 6 642
15 7 660
15 8 377
15 9 1049
15 10 484
15 11 385
15 12 492
15 13 524
15 14 518
15 16 881
15 17 523
15 18 622
15 19 735
15 20 468
15 21 497
15 22 264
15 23 379
15 24 167
15 25 652
15 26 239
15 27 720
15 28 486
15 29 696
15 30 273
15 31 682
16 0 882
16 1 674
16 2 470
16 3 601
16 4 516
16 5 417
16 6 684
16 7 225
16 8 834
16 9 168
16 10 799
16 11 713
16 12 847
16 13 512
16 14 389
16 15 881
16 17 604
16 18 812
16 19 272
16 20 549
16 21 502
16 22 1098
16 23 541
16 24 767
16 25 799
16 26 733
16 27 171
16 28 507
16 29 304
16 30 622
16 31 724
17 0 364
17 1 399
17 2 593
17 3 714
17 4 172
17 5 198
17 6 147
17 7 421
17 8 752
17 9 748
17 10 804
17 11 159
17 12 245
17 13 98
17 14 273
17 15 523
17 16 604
17 18 227
17 19 640
17 20 98
17 21 586
17 22 785
17 23 223
17 24 356
17 25 230
17 26 564
17 27 446
17 28 128
17 29 624
17 30 307
17 31 896
18 0 389
18 1 564
18 2 811
18 3 924
18 4 391
18 5 396
18 6 136
18 7 643
18 8 921
18 9 943
18 10 990
18 11 253
18 12 148
18 13 324
18 14 499
18 15 622
18 16 812
18 17 227
18 19 867
18 20 319
18 21 801
18 22 870
18 23 429
18 24 469
18 25 37
18 26 731
18 27 662
18 28 354
18 29 851
18 30 484
18 31 1105
19 0 812
19 1 537
19 2 232
19 3 341
19 4 493
19 5 504
19 6 761
19 7 239
19 8 598
19 9 401
19 10 545
19 11 694
19 12 855
19 13 544
19 14 369
19 15 735
19 16 272
19 17 640
19 18 867
19 20 555
19 21 270
19 22 910
19 23 485
19 24 665
19 25 865
19 26 539
19 27 258
19 28 516
19 29 44
19 30 521
19 31 453
20 0 357
20 1 318
20 2 496
20 3 617
20 4 75
20 5 182
20 6 243
20 7 348
20 8 663
20 9 703
20 10 711
20 11 166
20 12 306
20 13 58
20 14 187
20 15 468
20 16 549
20 17 98
20 18 319
20 19 555
20 21 488
20 22 729
20 23 129
20 24 305
20 25 325
20 26 478
20 27 382
20 28 43
20 29 536
20 30 225
20 31 799
21 0 632
21 1 324
21 2 38
21 3 136
21 4 414
21 5 531
21 6 729
21 7 343
21 8 335
21 9 654
21 10 304
21 11 575
21 12 744
21 13 506
21 14 346
21 15 497
21 16 502
21 17 586
21 18 801
21 19 270
21 20 488
21 22 645
21 23 372
21 24 469
21 25 811
21 26 278
21 27 400
21 28 463
21 29 226
21 30 350
21 31 315
22 0 485
22 1 442
22 2 683
22 3 639
22 4 692
22 5 895
22 6 902
22 7 884
22 8 380
22 9 1264
22 10 494
22 11 645
22 12 731
22 13 785
22 14 761
22 15 264
22 16 1098
22 17 785
22 18 870
22 19 910
22 20 729
22 21 645
22 23 633
22 24 430
22 25 902
22 26 372
22 27 947
22 28 746
22 29 867
22 30 523
22 31 719
23 0 343
23 1 201
23 2 385
23 3 496
23 4 65
23 5 265
23 6 370
23 7 320
23 8 536
23 9 706
23 10 582
23 11 213
23 12 380
23 13 171
23 14 154
23 15 379
23 16 541
23 17 223
23 18 429
23 19 485
23 20 129
23 21 372
23 22 633
23 24 234
23 25 441
23 26 352
23 27 371
23 28 124
23 29 458
23 30 110
23 31 677
24 0 166
24 1 147
24 2 497
24 3 555
24 4 282
24 5 480
24 6 477
24 7 543
24 8 468
24 9 934
24 10 555
24 11 223
24 12 351
24 13 362
24 14 385
24 15 167
24 16 767
24 17 356
24 18 469
24 19 665
24 20 305
24 21 469
24 22 430
24 23 234
24 25 496
24 26 286
24 27 599
24 28 327
24 29 630
24 30 148
24 31 719
25 0 423
25 1 585
25 2 820
25 3 937
25 4 398
25 5 384
25 6 117
25 7 638
25 8 943
25 9 926
25 10 1009
25 11 277
25 12 184
25 13 323
25 14 501
25 15 652
25 16 799
25 17 230
25 18 37
25 19 865
25 20 325
25 21 811
25 22 902
25 23 441
25 24 496
25 26 753
25 27 653
25 28 357
25 29 851
25 30 502
25 31 1118
26 0 444
26 1 168
26 2 315
26 3 307
26 4 416
26 5 605
26 6 706
26 7 529
26 8 191
26 9 897
26 10 269
26 11 479
26 12 630
26 13 523
26 14 436
26 15 239
26 16 733
26 17 564
26 18 731
26 19 539
26 20 478
26 21 278
26 22 372
26 23 352
26 24 286
26 25 753
26 27 593
26 28 476
26 29 497
26 30 257
26 31 447
27 0 711
27 1 514
27 2 377
27 3 521
27 4 346
27 5 272
27 6 541
27 7 64
27 8 718
27 9 335
27 10 703
27 11 545
27 12 684
27 13 350
27 14 218
27 15 720
27 16 171
27 17 446
27 18 662
27 19 258
27 20 382
27 21 400
27 22 947
27 23 371
27 24 599
27 25 653
27 26 593
27 28 340
27 29 268
27 30 456
27 31 674
28 0 393
28 1 323
28 2 468
28 3 594
28 4 60
28 5 153
28 6 267
28 7 306
28 8 657
28 9 662
28 10 698
28 11 207
28 12 348
28 13 48
28 14 147
28 15 486
28 16 507
28 17 128
28 18 354
28 19 516
28 20 43
28 21 463
28 22 746
28 23 124
28 24 327
28 25 357
28 26 476
28 27 340
28 29 498
28 30 230
28 31 775
29 0 780
29 1 499
29 2 189
29 3 301
29 4 471
29 5 499
29 6 750
29 7 239
29 8 556
29 9 440
29 10 504
29 11 669
29 12 832
29 13 529
29 14 352
29 15 696
29 16 304
29 17 624
29 18 851
29 19 44
29 20 536
29 21 226
29 22 867
29 23 458
29 24 630
29 25 851
29 26 497
29 27 268
29 28 498
29 30 488
29 31 422
30 0 293
30 1 94
30 2 373
30 3 456
30 4 173
30 5 374
30 6 450
30 7 398
30 8 446
30 9 789
30 10 507
30 11 237
30 12 403
30 13 275
30 14 247
30 15 273
30 16 622
30 17 307
30 18 484
30 19 521
30 20 225
30 21 350
30 22 523
30 23 110
30 24 148
30 25 502
30 26 257
30 27 456
30 28 230
30 29 488
30 31 632
31 0 882
31 1 576
31 2 318
31 3 182
31 4 724
31 5 842
31 6 1041
31 7 627
31 8 340
31 9 842
31 10 227
31 11 868
31 12 1035
31 13 819
31 14 659
31 15 682
31 16 724
31 17 896
31 18 1105
31 19 453
31 20 799
31 21 315
31 22 719
31 23 677
31 24 719
31 25 1118
31 26 447
31 27 674
31 28 775
31 29 422
31 30 632
