nnodes narcs type
42 1722 digraph
nodename posx posy
0 68 98
1 395 24
2 947 890
3 468 483
4 564 150
5 143 568
6 38 108
7 692 41
8 185 934
9 397 222
10 633 132
11 162 214
12 732 234
13 842 657
14 750 587
15 8 73
16 953 491
17 912 252
18 229 518
19 173 652
20 167 169
21 392 945
22 794 633
23 193 516
24 28 164
25 421 338
26 647 495
27 364 832
28 341 499
29 656 510
30 326 216
31 300 131
32 803 69
33 251 414
34 786 444
35 875 181
36 166 90
37 713 857
38 530 38
39 125 450
40 172 652
41 753 219
tail head weight
0 1 336
0 2 1184
0 3 556
0 4 499
0 5 476
0 6 32
0 7 627
0 8 845
0 9 352
0 10 567
0 11 150
0 12 678
0 13 955
0 14 840
0 15 65
0 16 969
0 17 858
0 18 450
0 19 564
0 20 122
0 21 907
0 22 902
0 23 437
0 24 78
0 25 427
0 26 703
0 27 792
0 28 486
0 29 718
0 30 284
0 31 235
0 32 736
0 33 366
0 34 798
0 35 812
0 36 99
0 37 997
0 38 466
0 39 357
0 40 564
0 41 696
1 0 336
1 2 1027
1 3 465
1 4 211
1 5 600
1 6 367
1 7 298
1 8 934
1 9 199
1 10 262
1 11 301
1 12 398
1 13 775
1 14 666
1 15 391
1 16 728
1 17 566
1 18 522
1 19 667
1 20 271
1 21 922
1 22 729
1 23 532
1 24 393
1 25 316
1 26 535
1 27 809
1 28 479
1 29 552
1 30 205
1 31 144
1 32 411
1 33 416
1 34 574
1 35 506
1 36 239
1 37 892
1 38 136
1 39 505
1 40 667
1 41 408
2 0 1184
2 1 1027
2 3 629
2 4 834
2 5 867
2 6 1200
2 7 887
2 8 764
2 9 866
2 10 821
2 11 1036
2 12 691
2 13 256
2 14 362
2 15 1245
2 16 400
2 17 639
2 18 809
2 19 810
2 20 1063
2 21 558
2 22 300
2 23 842
2 24 1172
2 25 763
2 26 497
2 27 586
2 28 722
2 29 479
2 30 917
2 31 998
2 32 834
2 33 844
2 34 475
2 35 713
2 36 1119
2 37 237
2 38 949
2 39 933
2 40 811
2 41 699
3 0 556
3 1 465
3 2 629
3 4 347
3 5 336
3 6 571
3 7 496
3 8 533
3 9 271
3 10 388
3 11 408
3 12 363
3 13 413
3 14 301
3 15 617
3 16 486
3 17 501
3 18 242
3 19 340
3 20 435
3 21 469
3 22 359
3 23 277
3 24 544
3 25 153
3 26 180
3 27 365
3 28 129
3 29 190
3 30 303
3 31 391
3 32 533
3 33 228
3 34 321
3 35 507
3 36 496
3 37 448
3 38 450
3 39 345
3 40 341
3 41 389
4 0 499
4 1 211
4 2 834
4 3 347
4 5 594
4 6 528
4 7 169
4 8 871
4 9 182
4 10 72
4 11 408
4 12 188
4 13 579
4 14 475
4 15 562
4 16 518
4 17 363
4 18 498
4 19 637
4 20 398
4 21 814
4 22 535
4 23 522
4 24 537
4 25 237
4 26 355
4 27 711
4 28 415
4 29 372
4 30 247
4 31 265
4 32 253
4 33 410
4 34 369
4 35 313
4 36 403
4 37 723
4 38 118
4 39 532
4 40 637
4 41 202
5 0 476
5 1 600
5 2 867
5 3 336
5 4 594
5 6 472
5 7 762
5 8 369
5 9 430
5 10 656
5 11 355
5 12 678
5 13 705
5 14 608
5 15 514
5 16 814
5 17 832
5 18 100
5 19 90
5 20 400
5 21 452
5 22 655
5 23 73
5 24 421
5 25 361
5 26 510
5 27 345
5 28 210
5 29 517
5 30 397
5 31 465
5 32 828
5 33 189
5 34 655
5 35 829
5 36 479
5 37 640
5 38 657
5 39 120
5 40 89
5 41 703
6 0 32
6 1 367
6 2 1200
6 3 571
6 4 528
6 5 472
6 7 658
6 8 839
6 9 377
6 10 596
6 11 164
6 12 706
6 13 974
6 14 859
6 15 47
6 16 992
6 17 886
6 18 453
6 19 561
6 20 143
6 21 909
6 22 921
6 23 437
6 24 57
6 25 447
6 26 722
6 27 795
6 28 495
6 29 738
6 30 308
6 31 264
6 32 766
6 33 373
6 34 820
6 35 841
6 36 130
6 37 1009
6 38 497
6 39 353
6 40 561
6 41 724
7 0 627
7 1 298
7 2 887
7 3 496
7 4 169
7 5 762
7 6 658
7 8 1027
7 9 347
7 10 109
7 11 558
7 12 198
7 13 634
7 14 550
7 15 685
7 16 521
7 17 305
7 18 665
7 19 802
7 20 541
7 21 953
7 22 601
7 23 689
7 24 676
7 25 403
7 26 457
7 27 857
7 28 578
7 29 471
7 30 406
7 31 403
7 32 115
7 33 578
7 34 414
7 35 231
7 36 529
7 37 817
7 38 163
7 39 700
7 40 803
7 41 189
8 0 845
8 1 934
8 2 764
8 3 533
8 4 871
8 5 369
8 6 839
8 7 1027
8 9 743
8 10 919
8 11 721
8 12 889
8 13 714
8 14 664
8 15 880
8 16 887
8 17 997
8 18 419
8 19 283
8 20 766
8 21 208
8 22 680
8 23 419
8 24 786
8 25 642
8 26 638
8 27 207
8 28 463
8 29 634
8 30 732
8 31 812
8 32 1064
8 33 525
8 34 776
8 35 1022
8 36 845
8 37 534
8 38 961
8 39 488
8 40 283
8 41 914
9 0 352
9 1 199
9 2 866
9 3 271
9 4 182
9 5 430
9 6 377
9 7 347
9 8 743
9 10 253
9 11 236
9 12 336
9 13 623
9 14 508
9 15 417
9 16 618
9 17 516
9 18 341
9 19 485
9 20 237
9 21 724
9 22 572
9 23 358
9 24 374
9 25 119
9 26 371
9 27 611
9 28 283
9 29 388
9 30 72
9 31 134
9 32 434
9 33 242
9 34 448
9 35 480
9 36 267
9 37 710
9 38 228
9 39 355
9 40 486
9 41 357
10 0 567
10 1 262
10 2 821
10 3 388
10 4 72
10 5 656
10 6 596
10 7 109
10 8 919
10 9 253
10 11 479
10 12 143
10 13 566
10 14 470
10 15 628
10 16 481
10 17 304
10 18 559
10 19 695
10 20 468
10 21 848
10 22 527
10 23 584
10 24 606
10 25 296
10 26 364
10 27 750
10 28 469
10 29 379
10 30 319
10 31 334
10 32 182
10 33 475
10 34 348
10 35 247
10 36 469
10 37 730
10 38 140
10 39 600
10 40 695
10 41 149
11 0 150
11 1 301
11 2 1036
11 3 408
11 4 408
11 5 355
11 6 164
11 7 558
11 8 721
11 9 236
11 10 479
11 12 571
11 13 812
11 14 697
11 15 209
11 16 839
11 17 751
11 18 312
11 19 439
11 20 46
11 21 767
11 22 759
11 23 304
11 24 144
11 25 288
11 26 561
11 27 651
11 28 337
11 29 576
11 30 165
11 31 162
11 32 658
11 33 219
11 34 666
11 35 714
11 36 125
11 37 847
11 38 408
11 39 239
11 40 439
11 41 592
12 0 678
12 1 398
12 2 691
12 3 363
12 4 188
12 5 678
12 6 706
12 7 198
12 8 889
12 9 336
12 10 143
12 11 571
12 13 438
12 14 354
12 15 742
12 16 339
12 17 181
12 18 578
12 19 699
12 20 569
12 21 789
12 22 404
12 23 609
12 24 708
12 25 328
12 26 275
12 27 703
12 28 473
12 29 287
12 30 407
12 31 445
12 32 180
12 33 514
12 34 217
12 35 153
12 36 585
12 37 624
12 38 282
12 39 645
12 40 699
12 41 26
13 0 955
13 1 775
13 2 256
13 3 413
13 4 579
13 5 705
13 6 974
13 7 634
13 8 714
13 9 623
13 10 566
13 11 812
13 12 438
13 14 116
13 15 1019
13 16 200
13 17 412
13 18 629
13 19 670
13 20 833
13 21 535
13 22 54
13 23 665
13 24 952
13 25 529
13 26 254
13 27 510
13 28 526
13 29 238
13 30 679
13 31 756
13 32 590
13 33 640
13 34 221
13 35 478
13 36 883
13 37 238
13 38 694
13 39 747
13 40 671
13 41 447
14 0 840
14 1 666
14 2 362
14 3 301
14 4 475
14 5 608
14 6 859
14 7 550
14 8 664
14 9 508
14 10 470
14 11 697
14 12 354
14 13 116
14 15 903
14 16 225
14 17 373
14 18 526
14 19 581
14 20 718
14 21 507
14 22 64
14 23 562
14 24 837
14 25 413
14 26 139
14 27 458
14 28 419
14 29 122
14 30 564
14 31 641
14 32 521
14 33 529
14 34 148
14 35 425
14 36 767
14 37 273
14 38 592
14 39 640
14 40 582
14 41 369
15 0 65
15 1 391
15 2 1245
15 3 617
15 4 562
15 5 514
15 6 47
15 7 685
15 8 880
15 9 417
15 10 628
15 11 209
15 12 742
15 13 1019
15 14 903
15 16 1034
15 17 922
15 18 497
15 19 603
15 20 186
15 21 953
15 22 966
15 23 481
15 24 94
15 25 491
15 26 766
15 27 839
15 28 541
15 29 782
15 30 349
15 31 298
15 32 796
15 33 419
15 34 862
15 35 874
15 36 159
15 37 1055
15 38 524
15 39 395
15 40 602
15 41 760
16 0 969
16 1 728
16 2 400
16 3 486
16 4 518
16 5 814
16 6 992
16 7 521
16 8 887
16 9 618
16 10 481
16 11 839
16 12 339
16 13 200
16 14 225
16 15 1034
16 17 243
16 18 725
16 19 797
16 20 850
16 21 722
16 22 214
16 23 761
16 24 982
16 25 554
16 26 307
16 27 681
16 28 613
16 29 298
16 30 685
16 31 746
16 32 448
16 33 707
16 34 174
16 35 320
16 36 884
16 37 438
16 38 620
16 39 830
16 40 798
16 41 338
17 0 858
17 1 566
17 2 639
17 3 501
17 4 363
17 5 832
17 6 886
17 7 305
17 8 997
17 9 516
17 10 304
17 11 751
17 12 181
17 13 412
17 14 373
17 15 922
17 16 243
17 18 733
17 19 841
17 20 750
17 21 867
17 22 399
17 23 766
17 24 889
17 25 499
17 26 360
17 27 798
17 28 623
17 29 364
17 30 588
17 31 624
17 32 214
17 33 681
17 34 230
17 35 81
17 36 764
17 37 637
17 38 438
17 39 812
17 40 842
17 41 163
18 0 450
18 1 522
18 2 809
18 3 242
18 4 498
18 5 100
18 6 453
18 7 665
18 8 419
18 9 341
18 10 559
18 11 312
18 12 578
18 13 629
18 14 526
18 15 497
18 16 725
18 17 733
18 19 146
18 20 355
18 21 458
18 22 577
18 23 37
18 24 408
18 25 264
18 26 419
18 27 342
18 28 114
18 29 428
18 30 318
18 31 394
18 32 729
18 33 107
18 34 562
18 35 729
18 36 433
18 37 591
18 38 567
18 39 125
18 40 146
18 41 604
19 0 564
19 1 667
19 2 810
19 3 340
19 4 637
19 5 90
19 6 561
19 7 802
19 8 283
19 9 485
19 10 695
19 11 439
19 12 699
19 13 670
19 14 581
19 15 603
19 16 797
19 17 841
19 18 146
19 20 484
19 21 366
19 22 622
19 23 138
19 24 510
19 25 401
19 26 500
19 27 263
19 28 228
19 29 504
19 30 463
19 31 537
19 32 859
19 33 251
19 34 648
19 35 846
19 36 563
19 37 578
19 38 711
19 39 208
19 40 1
19 41 724
20 0 122
20 1 271
20 2 1063
20 3 435
20 4 398
20 5 400
20 6 143
20 7 541
20 8 766
20 9 237
20 10 468
20 11 46
20 12 569
20 13 833
20 14 718
20 15 186
20 16 850
20 17 750
20 18 355
20 19 484
20 21 808
20 22 781
20 23 348
20 24 140
20 25 306
20 26 581
20 27 692
20 28 374
20 29 597
20 30 166
20 31 139
20 32 644
20 33 259
20 34 678
20 35 709
20 36 80
20 37 879
20 38 386
20 39 285
20 40 484
20 41 589
21 0 907
21 1 922
21 2 558
21 3 469
21 4 814
21 5 452
21 6 909
21 7 953
21 8 208
21 9 724
21 10 848
21 11 767
21 12 789
21 13 535
21 14 507
21 15 953
21 16 722
21 17 867
21 18 458
21 19 366
21 20 808
21 22 509
21 23 473
21 24 862
21 25 608
21 26 518
21 27 117
21 28 449
21 29 509
21 30 732
21 31 820
21 32 968
21 33 550
21 34 638
21 35 904
21 36 885
21 37 333
21 38 918
21 39 563
21 40 367
21 41 811
22 0 902
22 1 729
22 2 300
22 3 359
22 4 535
22 5 655
22 6 921
22 7 601
22 8 680
22 9 572
22 10 527
22 11 759
22 12 404
22 13 54
22 14 64
22 15 966
22 16 214
22 17 399
22 18 577
22 19 622
22 20 781
22 21 509
22 23 613
22 24 899
22 25 476
22 26 202
22 27 474
22 28 473
22 29 185
22 30 627
22 31 705
22 32 565
22 33 586
22 34 190
22 35 460
22 36 831
22 37 239
22 38 651
22 39 694
22 40 623
22 41 417
23 0 437
23 1 532
23 2 842
23 3 277
23 4 522
23 5 73
23 6 437
23 7 689
23 8 419
23 9 358
23 10 584
23 11 304
23 12 609
23 13 665
23 14 562
23 15 481
23 16 761
23 17 766
23 18 37
23 19 138
23 20 348
23 21 473
23 22 613
23 24 389
23 25 290
23 26 455
23 27 360
23 28 149
23 29 464
23 30 329
23 31 400
23 32 757
23 33 118
23 34 598
23 35 760
23 36 427
23 37 622
23 38 585
23 39 95
23 40 138
23 41 634
24 0 78
24 1 393
24 2 1172
24 3 544
24 4 537
24 5 421
24 6 57
24 7 676
24 8 786
24 9 374
24 10 606
24 11 144
24 12 708
24 13 952
24 14 837
24 15 94
24 16 982
24 17 889
24 18 408
24 19 510
24 20 140
24 21 862
24 22 899
24 23 389
24 25 430
24 26 702
24 27 748
24 28 459
24 29 718
24 30 303
24 31 274
24 32 781
24 33 336
24 34 809
24 35 848
24 36 157
24 37 975
24 38 518
24 39 303
24 40 509
24 41 728
25 0 427
25 1 316
25 2 763
25 3 153
25 4 237
25 5 361
25 6 447
25 7 403
25 8 642
25 9 119
25 10 296
25 11 288
25 12 328
25 13 529
25 14 413
25 15 491
25 16 554
25 17 499
25 18 264
25 19 401
25 20 306
25 21 608
25 22 476
25 23 290
25 24 430
25 26 276
25 27 498
25 28 180
25 29 292
25 30 155
25 31 240
25 32 468
25 33 187
25 34 381
25 35 481
25 36 356
25 37 596
25 38 320
25 39 317
25 40 401
25 41 353
26 0 703
26 1 535
26 2 497
26 3 180
26 4 355
26 5 510
26 6 722
26 7 457
26 8 638
26 9 371
26 10 364
26 11 561
26 12 275
26 13 254
26 14 139
26 15 766
26 16 307
26 17 360
26 18 419
26 19 500
26 20 581
26 21 518
26 22 202
26 23 455
26 24 702
26 25 276
26 27 441
26 28 307
26 29 18
26 30 426
26 31 503
26 32 454
26 33 405
26 34 149
26 35 389
26 36 629
26 37 368
26 38 472
26 39 524
26 40 501
26 41 296
27 0 792
27 1 809
27 2 586
27 3 365
27 4 711
27 5 345
27 6 795
27 7 857
27 8 207
27 9 611
27 10 750
27 11 651
27 12 703
27 13 510
27 14 458
27 15 839
27 16 681
27 17 798
27 18 342
27 19 263
27 20 692
27 21 117
27 22 474
27 23 360
27 24 748
27 25 498
27 26 441
27 28 334
27 29 435
27 30 618
27 31 704
27 32 881
27 33 434
27 34 574
27 35 828
27 36 768
27 37 350
27 38 812
27 39 451
27 40 264
27 41 727
28 0 486
28 1 479
28 2 722
28 3 129
28 4 415
28 5 210
28 6 495
28 7 578
28 8 463
28 9 283
28 10 469
28 11 337
28 12 473
28 13 526
28 14 419
28 15 541
28 16 613
28 17 623
28 18 114
28 19 228
28 20 374
28 21 449
28 22 473
28 23 149
28 24 459
28 25 180
28 26 307
28 27 334
28 29 316
28 30 284
28 31 371
28 32 632
28 33 124
28 34 449
28 35 622
28 36 445
28 37 517
28 38 499
28 39 222
28 40 228
28 41 499
29 0 718
29 1 552
29 2 479
29 3 190
29 4 372
29 5 517
29 6 738
29 7 471
29 8 634
29 9 388
29 10 379
29 11 576
29 12 287
29 13 238
29 14 122
29 15 782
29 16 298
29 17 364
29 18 428
29 19 504
29 20 597
29 21 509
29 22 185
29 23 464
29 24 718
29 25 292
29 26 18
29 27 435
29 28 316
29 30 442
29 31 520
29 32 465
29 33 417
29 34 146
29 35 396
29 36 646
29 37 352
29 38 489
29 39 535
29 40 505
29 41 307
30 0 284
30 1 205
30 2 917
30 3 303
30 4 247
30 5 397
30 6 308
30 7 406
30 8 732
30 9 72
30 10 319
30 11 165
30 12 407
30 13 679
30 14 564
30 15 349
30 16 685
30 17 588
30 18 318
30 19 463
30 20 166
30 21 732
30 22 627
30 23 329
30 24 303
30 25 155
30 26 426
30 27 618
30 28 284
30 29 442
30 31 89
30 32 500
30 33 212
30 34 514
30 35 551
30 36 204
30 37 749
30 38 271
30 39 309
30 40 463
30 41 428
31 0 235
31 1 144
31 2 998
31 3 391
31 4 265
31 5 465
31 6 264
31 7 403
31 8 812
31 9 134
31 10 334
31 11 162
31 12 445
31 13 756
31 14 641
31 15 298
31 16 746
31 17 624
31 18 394
31 19 537
31 20 139
31 21 820
31 22 705
31 23 400
31 24 274
31 25 240
31 26 503
31 27 704
31 28 371
31 29 520
31 30 89
31 32 507
31 33 288
31 34 579
31 35 578
31 36 141
31 37 836
31 38 249
31 39 364
31 40 537
31 41 462
32 0 736
32 1 411
32 2 834
32 3 533
32 4 253
32 5 828
32 6 766
32 7 115
32 8 1064
32 9 434
32 10 182
32 11 658
32 12 180
32 13 590
32 14 521
32 15 796
32 16 448
32 17 214
32 18 729
32 19 859
32 20 644
32 21 968
32 22 565
32 23 757
32 24 781
32 25 468
32 26 454
32 27 881
32 28 632
32 29 465
32 30 500
32 31 507
32 33 651
32 34 376
32 35 134
32 36 638
32 37 794
32 38 275
32 39 778
32 40 860
32 41 159
33 0 366
33 1 416
33 2 844
33 3 228
33 4 410
33 5 189
33 6 373
33 7 578
33 8 525
33 9 242
33 10 475
33 11 219
33 12 514
33 13 640
33 14 529
33 15 419
33 16 707
33 17 681
33 18 107
33 19 251
33 20 259
33 21 550
33 22 586
33 23 118
33 24 336
33 25 187
33 26 405
33 27 434
33 28 124
33 29 417
33 30 212
33 31 288
33 32 651
33 34 536
33 35 667
33 36 335
33 37 641
33 38 469
33 39 132
33 40 251
33 41 539
34 0 798
34 1 574
34 2 475
34 3 321
34 4 369
34 5 655
34 6 820
34 7 414
34 8 776
34 9 448
34 10 348
34 11 666
34 12 217
34 13 221
34 14 148
34 15 862
34 16 174
34 17 230
34 18 562
34 19 648
34 20 678
34 21 638
34 22 190
34 23 598
34 24 809
34 25 381
34 26 149
34 27 574
34 28 449
34 29 146
34 30 514
34 31 579
34 32 376
34 33 536
34 35 278
34 36 714
34 37 420
34 38 480
34 39 662
34 40 649
34 41 228
35 0 812
35 1 506
35 2 713
35 3 507
35 4 313
35 5 829
35 6 841
35 7 231
35 8 1022
35 9 480
35 10 247
35 11 714
35 12 153
35 13 478
35 14 425
35 15 874
35 16 320
35 17 81
35 18 729
35 19 846
35 20 709
35 21 904
35 22 460
35 23 760
35 24 848
35 25 481
35 26 389
35 27 828
35 28 622
35 29 396
35 30 551
35 31 578
35 32 134
35 33 667
35 34 278
35 36 715
35 37 696
35 38 374
35 39 797
35 40 847
35 41 128
36 0 99
36 1 239
36 2 1119
36 3 496
36 4 403
36 5 479
36 6 130
36 7 529
36 8 845
36 9 267
36 10 469
36 11 125
36 12 585
36 13 883
36 14 767
36 15 159
36 16 884
36 17 764
36 18 433
36 19 563
36 20 80
36 21 885
36 22 831
36 23 427
36 24 157
36 25 356
36 26 629
36 27 768
36 28 445
36 29 646
36 30 204
36 31 141
36 32 638
36 33 335
36 34 714
36 35 715
36 37 943
36 38 368
36 39 363
36 40 563
36 41 602
37 0 997
37 1 892
37 2 237
37 3 448
37 4 723
37 5 640
37 6 1009
37 7 817
37 8 534
37 9 710
37 10 730
37 11 847
37 12 624
37 13 238
37 14 273
37 15 1055
37 16 438
37 17 637
37 18 591
37 19 578
37 20 879
37 21 333
37 22 239
37 23 622
37 24 975
37 25 596
37 26 368
37 27 350
37 28 517
37 29 352
37 30 749
37 31 836
37 32 794
37 33 641
37 34 420
37 35 696
37 36 943
37 38 840
37 39 716
37 40 579
37 41 640
38 0 466
38 1 136
38 2 949
38 3 450
38 4 118
38 5 657
38 6 497
38 7 163
38 8 961
38 9 228
38 10 140
38 11 408
38 12 282
38 13 694
38 14 592
38 15 524
38 16 620
38 17 438
38 18 567
38 19 711
38 20 386
38 21 918
38 22 651
38 23 585
38 24 518
38 25 320
38 26 472
38 27 812
38 28 499
38 29 489
38 30 271
38 31 249
38 32 275
38 33 469
38 34 480
38 35 374
38 36 368
38 37 840
38 39 578
38 40 711
38 41 288
39 0 357
39 1 505
39 2 933
39 3 345
39 4 532
39 5 120
39 6 353
39 7 700
39 8 488
39 9 355
39 10 600
39 11 239
39 12 645
39 13 747
39 14 640
39 15 395
39 16 830
39 17 812
39 18 125
39 19 208
39 20 285
39 21 563
39 22 694
39 23 95
39 24 303
39 25 317
39 26 524
39 27 451
39 28 222
39 29 535
39 30 309
39 31 364
39 32 778
39 33 132
39 34 662
39 35 797
39 36 363
39 37 716
39 38 578
39 40 208
39 41 670
40 0 564
40 1 667
40 2 811
40 3 341
40 4 637
40 5 89
40 6 561
40 7 803
40 8 283
40 9 486
40 10 695
40 11 439
40 12 699
40 13 671
40 14 582
40 15 602
40 16 798
40 17 842
40 18 146
40 19 1
40 20 484
40 21 367
40 22 623
40 23 138
40 24 509
40 25 401
40 26 501
40 27 264
40 28 228
40 29 505
40 30 463
40 31 537
40 32 860
40 33 251
40 34 649
40 35 847
40 36 563
40 37 579
40 38 711
40 39 208
40 41 725
41 0 696
41 1 408
41 2 699
41 3 389
41 4 202
41 5 703
41 6 724
41 7 189
41 8 914
41 9 357
41 10 149
41 11 592
41 12 26
41 13 447
41 14 369
41 15 760
41 16 338
41 17 163
41 18 604
41 19 724
41 20 589
41 21 811
41 22 417
41 23 634
41 24 728
41 25 353
41 26 296
41 27 727
41 28 499
41 29 307
41 30 428
41 31 462
41 32 159
41 33 539
41 34 228
41 35 128
41 36 602
41 37 640
41 38 288
41 39 670
41 40 725
