nnodes narcs type
42 1722 digraph
nodename posx posy
0 922 501
1 958 144
2 200 928
3 723 460
4 731 751
5 924 908
6 557 546
7 252 389
8 593 882
9 255 708
10 814 920
11 449 9
12 823 797
13 241 250
14 876 4
15 118 800
16 373 64
17 145 223
18 238 176
19 778 852
20 281 62
21 216 853
22 826 794
23 688 460
24 928 609
25 104 98
26 510 384
27 404 822
28 517 475
29 976 708
30 862 644
31 869 770
32 436 22
33 996 564
34 676 713
35 457 82
36 144 84
37 77 456
38 877 0
39 50 684
40 716 771
41 445 448
tail head weight
0 1 359
0 2 839
0 3 204
0 4 315
0 5 408
0 6 368
0 7 680
0 8 504
0 9 699
0 10 433
0 11 683
0 12 313
0 13 726
0 14 500
0 15 858
0 16 702
0 17 826
0 18 758
0 19 380
0 20 777
0 21 789
0 22 309
0 23 238
0 24 109
0 25 912
0 26 429
0 27 610
0 28 406
0 29 214
0 30 156
0 31 275
0 32 683
0 33 98
0 34 325
0 35 626
0 36 883
0 37 847
0 38 504
0 39 891
0 40 340
0 41 480
1 0 359
1 2 1091
1 3 394
1 4 649
1 5 765
1 6 568
1 7 748
1 8 824
1 9 902
1 10 790
1 11 527
1 12 667
1 13 725
1 14 163
1 15 1066
1 16 591
1 17 817
1 18 721
1 19 731
1 20 682
1 21 1027
1 22 664
1 23 416
1 24 466
1 25 856
1 26 509
1 27 876
1 28 552
1 29 565
1 30 510
1 31 633
1 32 537
1 33 422
1 34 636
1 35 505
1 36 817
1 37 935
1 38 166
1 39 1057
1 40 673
1 41 597
2 0 839
2 1 1091
2 3 702
2 4 560
2 5 725
2 6 523
2 7 542
2 8 396
2 9 227
2 10 615
2 11 953
2 12 637
2 13 680
2 14 1145
2 15 153
2 16 882
2 17 708
2 18 753
2 19 583
2 20 870
2 21 77
2 22 641
2 23 677
2 24 795
2 25 836
2 26 627
2 27 230
2 28 553
2 29 807
2 30 721
2 31 688
2 32 937
2 33 876
2 34 523
2 35 885
2 36 846
2 37 488
2 38 1149
2 39 287
2 40 540
2 41 539
3 0 204
3 1 394
3 2 702
3 4 292
3 5 492
3 6 187
3 7 477
3 8 442
3 9 530
3 10 469
3 11 528
3 12 352
3 13 526
3 14 481
3 15 694
3 16 529
3 17 625
3 18 563
3 19 396
3 20 595
3 21 642
3 22 350
3 23 35
3 24 254
3 25 718
3 26 227
3 27 483
3 28 207
3 29 355
3 30 231
3 31 343
3 32 524
3 33 293
3 34 258
3 35 463
3 36 691
3 37 647
3 38 486
3 39 710
3 40 312
3 41 279
4 0 315
4 1 649
4 2 560
4 3 292
4 5 249
4 6 269
4 7 601
4 8 191
4 9 478
4 10 189
4 11 794
4 12 103
4 13 701
4 14 761
4 15 615
4 16 775
4 17 789
4 18 758
4 19 112
4 20 823
4 21 526
4 22 105
4 23 295
4 24 243
4 25 906
4 26 429
4 27 335
4 28 350
4 29 249
4 30 170
4 31 140
4 32 787
4 33 325
4 34 67
4 35 723
4 36 889
4 37 718
4 38 766
4 39 685
4 40 25
4 41 417
5 0 408
5 1 765
5 2 725
5 3 492
5 4 249
5 6 516
5 7 850
5 8 333
5 9 699
5 10 111
5 11 1017
5 12 151
5 13 949
5 14 906
5 15 814
5 16 1008
5 17 1038
5 18 1004
5 19 157
5 20 1063
5 21 711
5 22 151
5 23 507
5 24 300
5 25 1153
5 26 668
5 27 528
5 28 595
5 29 207
5 30 272
5 31 149
5 32 1012
5 33 352
5 34 316
5 35 949
5 36 1135
5 37 961
5 38 910
5 39 903
5 40 250
5 41 665
6 0 368
6 1 568
6 2 523
6 3 187
6 4 269
6 5 516
6 7 344
6 8 338
6 9 343
6 10 454
6 11 548
6 12 366
6 13 433
6 14 629
6 15 508
6 16 516
6 17 524
6 18 489
6 19 378
6 20 558
6 21 459
6 22 366
6 23 157
6 24 377
6 25 638
6 26 169
6 27 316
6 28 82
6 29 450
6 30 321
6 31 385
6 32 538
6 33 440
6 34 206
6 35 475
6 36 620
6 37 489
6 38 633
6 39 526
6 40 276
6 41 149
7 0 680
7 1 748
7 2 542
7 3 477
7 4 601
7 5 850
7 6 344
7 8 600
7 9 320
7 10 774
7 11 429
7 12 702
7 13 140
7 14 734
7 15 433
7 16 347
7 17 198
7 18 214
7 19 701
7 20 329
7 21 466
7 22 703
7 23 442
7 24 711
7 25 327
7 26 259
7 27 459
7 28 279
7 29 792
7 30 662
7 31 726
7 32 411
7 33 765
7 34 534
7 35 370
7 36 324
7 37 188
7 38 737
7 39 358
7 40 602
7 41 202
8 0 504
8 1 824
8 2 396
8 3 442
8 4 191
8 5 333
8 6 338
8 7 600
8 9 381
8 10 225
8 11 885
8 12 246
8 13 724
8 14 923
8 15 483
8 16 848
8 17 797
8 18 791
8 19 188
8 20 878
8 21 379
8 22 250
8 23 433
8 24 433
8 25 925
8 26 505
8 27 199
8 28 415
8 29 421
8 30 360
8 31 298
8 32 875
8 33 514
8 34 189
8 35 812
8 36 916
8 37 670
8 38 927
8 39 578
8 40 166
8 41 459
9 0 699
9 1 902
9 2 227
9 3 530
9 4 478
9 5 699
9 6 343
9 7 320
9 8 381
9 10 598
9 11 726
9 12 575
9 13 459
9 14 939
9 15 166
9 16 655
9 17 498
9 18 533
9 19 543
9 20 647
9 21 151
9 22 578
9 23 499
9 24 681
9 25 629
9 26 413
9 27 188
9 28 351
9 29 721
9 30 611
9 31 618
9 32 710
9 33 755
9 34 422
9 35 658
9 36 634
9 37 309
9 38 943
9 39 207
9 40 466
9 41 323
10 0 433
10 1 790
10 2 615
10 3 469
10 4 189
10 5 111
10 6 454
10 7 774
10 8 225
10 9 598
10 11 982
10 12 124
10 13 882
10 14 919
10 15 707
10 16 963
10 17 967
10 18 941
10 19 77
10 20 1011
10 21 602
10 22 127
10 23 477
10 24 332
10 25 1087
10 26 617
10 27 422
10 28 536
10 29 267
10 30 281
10 31 160
10 32 975
10 33 400
10 34 249
10 35 911
10 36 1072
10 37 871
10 38 923
10 39 800
10 40 179
10 41 600
11 0 683
11 1 527
11 2 953
11 3 528
11 4 794
11 5 1017
11 6 548
11 7 429
11 8 885
11 9 726
11 10 982
11 12 873
11 13 319
11 14 428
11 15 858
11 16 94
11 17 372
11 18 270
11 19 905
11 20 177
11 21 876
11 22 871
11 23 511
11 24 768
11 25 357
11 26 380
11 27 815
11 28 471
11 29 876
11 30 758
11 31 870
11 32 19
11 33 780
11 34 740
11 35 74
11 36 315
11 37 582
11 38 429
11 39 785
11 40 808
11 41 440
12 0 313
12 1 667
12 2 637
12 3 352
12 4 103
12 5 151
12 6 366
12 7 702
12 8 246
12 9 575
12 10 124
12 11 873
12 13 799
12 14 795
12 15 706
12 16 861
12 17 889
12 18 854
12 19 72
12 20 914
12 21 610
12 22 5
12 23 364
12 24 216
12 25 1003
12 26 519
12 27 420
12 28 445
12 29 178
12 30 158
12 31 54
12 32 867
12 33 291
12 34 170
12 35 804
12 36 985
12 37 821
12 38 799
12 39 782
12 40 111
12 41 515
13 0 726
13 1 725
13 2 680
13 3 526
13 4 701
13 5 949
13 6 433
13 7 140
13 8 724
13 9 459
13 10 882
13 11 319
13 12 799
13 14 681
13 15 564
13 16 229
13 17 100
13 18 75
13 19 807
13 20 193
13 21 604
13 22 799
13 23 494
13 24 776
13 25 205
13 26 301
13 27 595
13 28 357
13 29 867
13 30 736
13 31 816
13 32 301
13 33 818
13 34 636
13 35 274
13 36 193
13 37 264
13 38 684
13 39 475
13 40 706
13 41 285
14 0 500
14 1 163
14 2 1145
14 3 481
14 4 761
14 5 906
14 6 629
14 7 734
14 8 923
14 9 939
14 10 919
14 11 428
14 12 795
14 13 681
14 15 1100
14 16 507
14 17 764
14 18 661
14 19 854
14 20 598
14 21 1076
14 22 792
14 23 494
14 24 608
14 25 778
14 26 528
14 27 945
14 28 593
14 29 712
14 30 641
14 31 767
14 32 441
14 33 573
14 34 737
14 35 427
14 36 737
14 37 918
14 38 5
14 39 1070
14 40 784
14 41 619
15 0 858
15 1 1066
15 2 153
15 3 694
15 4 615
15 5 814
15 6 508
15 7 433
15 8 483
15 9 166
15 10 707
15 11 858
15 12 706
15 13 564
15 14 1100
15 16 779
15 17 578
15 18 636
15 19 663
15 20 756
15 21 112
15 22 709
15 23 664
15 24 833
15 25 703
15 26 572
15 27 287
15 28 515
15 29 863
15 30 761
15 31 752
15 32 841
15 33 910
15 34 565
15 35 795
15 36 717
15 37 347
15 38 1103
15 39 135
15 40 599
15 41 481
16 0 702
16 1 591
16 2 882
16 3 529
16 4 775
16 5 1008
16 6 516
16 7 347
16 8 848
16 9 655
16 10 963
16 11 94
16 12 861
16 13 229
16 14 507
16 15 779
16 17 278
16 18 176
16 19 886
16 20 93
16 21 805
16 22 860
16 23 507
16 24 778
16 25 272
16 26 349
16 27 759
16 28 436
16 29 883
16 30 759
16 31 863
16 32 76
16 33 799
16 34 717
16 35 86
16 36 230
16 37 492
16 38 509
16 39 700
16 40 786
16 41 391
17 0 826
17 1 817
17 2 708
17 3 625
17 4 789
17 5 1038
17 6 524
17 7 198
17 8 797
17 9 498
17 10 967
17 11 372
17 12 889
17 13 100
17 14 764
17 15 578
17 16 278
17 18 105
17 19 893
17 20 211
17 21 634
17 22 889
17 23 593
17 24 873
17 25 132
17 26 399
17 27 653
17 28 450
17 29 963
17 30 832
17 31 908
17 32 354
17 33 917
17 34 723
17 35 343
17 36 140
17 37 243
17 38 766
17 39 471
17 40 792
17 41 375
18 0 758
18 1 721
18 2 753
18 3 563
18 4 758
18 5 1004
18 6 489
18 7 214
18 8 791
18 9 533
18 10 941
18 11 270
18 12 854
18 13 75
18 14 661
18 15 636
18 16 176
18 17 105
18 19 866
18 20 122
18 21 678
18 22 854
18 23 533
18 24 815
18 25 156
18 26 343
18 27 667
18 28 409
18 29 910
18 30 780
18 31 867
18 32 251
18 33 852
18 34 693
18 35 239
18 36 132
18 37 323
18 38 663
18 39 542
18 40 764
18 41 342
19 0 380
19 1 731
19 2 583
19 3 396
19 4 112
19 5 157
19 6 378
19 7 701
19 8 188
19 9 543
19 10 77
19 11 905
19 12 72
19 13 807
19 14 854
19 15 663
19 16 886
19 17 893
19 18 866
19 20 934
19 21 563
19 22 76
19 23 403
19 24 286
19 25 1012
19 26 540
19 27 376
19 28 459
19 29 245
19 30 225
19 31 123
19 32 898
19 33 362
19 34 173
19 35 835
19 36 996
19 37 806
19 38 858
19 39 748
19 40 103
19 41 524
20 0 777
20 1 682
20 2 870
20 3 595
20 4 823
20 5 1063
20 6 558
20 7 329
20 8 878
20 9 647
20 10 1011
20 11 177
20 12 914
20 13 193
20 14 598
20 15 756
20 16 93
20 17 211
20 18 122
20 19 934
20 21 794
20 22 913
20 23 570
20 24 848
20 25 181
20 26 396
20 27 770
20 28 476
20 29 949
20 30 823
20 31 921
20 32 161
20 33 874
20 34 762
20 35 178
20 36 139
20 37 444
20 38 600
20 39 664
20 40 832
20 41 420
21 0 789
21 1 1027
21 2 77
21 3 642
21 4 526
21 5 711
21 6 459
21 7 466
21 8 379
21 9 151
21 10 602
21 11 876
21 12 610
21 13 604
21 14 1076
21 15 112
21 16 805
21 17 634
21 18 678
21 19 563
21 20 794
21 22 613
21 23 615
21 24 753
21 25 764
21 26 554
21 27 191
21 28 484
21 29 774
21 30 679
21 31 659
21 32 860
21 33 832
21 34 481
21 35 808
21 36 773
21 37 421
21 38 1080
21 39 237
21 40 507
21 41 466
22 0 309
22 1 664
22 2 641
22 3 350
22 4 105
22 5 151
22 6 366
22 7 703
22 8 250
22 9 578
22 10 127
22 11 871
22 12 5
22 13 799
22 14 792
22 15 709
22 16 860
22 17 889
22 18 854
22 19 76
22 20 913
22 21 613
22 23 362
22 24 212
22 25 1003
22 26 518
22 27 423
22 28 445
22 29 173
22 30 155
22 31 50
22 32 865
22 33 287
22 34 171
22 35 802
22 36 985
22 37 822
22 38 796
22 39 784
22 40 113
22 41 515
23 0 238
23 1 416
23 2 677
23 3 35
23 4 295
23 5 507
23 6 157
23 7 442
23 8 433
23 9 499
23 10 477
23 11 511
23 12 364
23 13 494
23 14 494
23 15 664
23 16 507
23 17 593
23 18 533
23 19 403
23 20 570
23 21 615
23 22 362
23 24 283
23 25 688
23 26 194
23 27 461
23 28 172
23 29 381
23 30 254
23 31 359
23 32 506
23 33 326
23 34 254
23 35 443
23 36 662
23 37 612
23 38 498
23 39 677
23 40 313
23 41 244
24 0 109
24 1 466
24 2 795
24 3 254
24 4 243
24 5 300
24 6 377
24 7 711
24 8 433
24 9 681
24 10 332
24 11 768
24 12 216
24 13 776
24 14 608
24 15 833
24 16 778
24 17 873
24 18 815
24 19 286
24 20 848
24 21 753
24 22 212
24 23 283
24 25 970
24 26 475
24 27 566
24 28 433
24 29 111
24 30 75
24 31 172
24 32 766
24 33 82
24 34 273
24 35 707
24 36 944
24 37 865
24 38 612
24 39 882
24 40 267
24 41 510
25 0 912
25 1 856
25 2 836
25 3 718
25 4 906
25 5 1153
25 6 638
25 7 327
25 8 925
25 9 629
25 10 1087
25 11 357
25 12 1003
25 13 205
25 14 778
25 15 703
25 16 272
25 17 132
25 18 156
25 19 1012
25 20 181
25 21 764
25 22 1003
25 23 688
25 24 970
25 26 497
25 27 784
25 28 560
25 29 1065
25 30 935
25 31 1019
25 32 341
25 33 1007
25 34 840
25 35 354
25 36 43
25 37 360
25 38 780
25 39 589
25 40 910
25 41 489
26 0 429
26 1 509
26 2 627
26 3 227
26 4 429
26 5 668
26 6 169
26 7 259
26 8 505
26 9 413
26 10 617
26 11 380
26 12 519
26 13 301
26 14 528
26 15 572
26 16 349
26 17 399
26 18 343
26 19 540
26 20 396
26 21 554
26 22 518
26 23 194
26 24 475
26 25 497
26 27 451
26 28 92
26 29 568
26 30 438
26 31 528
26 32 370
26 33 519
26 34 369
26 35 307
26 36 474
26 37 439
26 38 532
26 39 550
26 40 439
26 41 92
27 0 610
27 1 876
27 2 230
27 3 483
27 4 335
27 5 528
27 6 316
27 7 459
27 8 199
27 9 188
27 10 422
27 11 815
27 12 420
27 13 595
27 14 945
27 15 287
27 16 759
27 17 653
27 18 667
27 19 376
27 20 770
27 21 191
27 22 423
27 23 461
27 24 566
27 25 784
27 26 451
27 28 365
27 29 584
27 30 492
27 31 468
27 32 801
27 33 646
27 34 294
27 35 742
27 36 783
27 37 491
27 38 949
27 39 380
27 40 317
27 41 377
28 0 406
28 1 552
28 2 553
28 3 207
28 4 350
28 5 595
28 6 82
28 7 279
28 8 415
28 9 351
28 10 536
28 11 471
28 12 445
28 13 357
28 14 593
28 15 515
28 16 436
28 17 450
28 18 409
28 19 459
28 20 476
28 21 484
28 22 445
28 23 172
28 24 433
28 25 560
28 26 92
28 27 365
28 29 515
28 30 385
28 31 460
28 32 461
28 33 488
28 34 287
28 35 398
28 36 541
28 37 441
28 38 597
28 39 512
28 40 357
28 41 77
29 0 214
29 1 565
29 2 807
29 3 355
29 4 249
29 5 207
29 6 450
29 7 792
29 8 421
29 9 721
29 10 267
29 11 876
29 12 178
29 13 867
29 14 712
29 15 863
29 16 883
29 17 963
29 18 910
29 19 245
29 20 949
29 21 774
29 22 173
29 23 381
29 24 111
29 25 1065
29 26 568
29 27 584
29 28 515
29 30 131
29 31 124
29 32 874
29 33 146
29 34 301
29 35 814
29 36 1040
29 37 934
29 38 715
29 39 927
29 40 268
29 41 592
30 0 156
30 1 510
30 2 721
30 3 231
30 4 170
30 5 272
30 6 321
30 7 662
30 8 360
30 9 611
30 10 281
30 11 758
30 12 158
30 13 736
30 14 641
30 15 761
30 16 759
30 17 832
30 18 780
30 19 225
30 20 823
30 21 679
30 22 155
30 23 254
30 24 75
30 25 935
30 26 438
30 27 492
30 28 385
30 29 131
30 31 127
30 32 754
30 33 157
30 34 199
30 35 693
30 36 911
30 37 808
30 38 645
30 39 813
30 40 194
30 41 461
31 0 275
31 1 633
31 2 688
31 3 343
31 4 140
31 5 149
31 6 385
31 7 726
31 8 298
31 9 618
31 10 160
31 11 870
31 12 54
31 13 816
31 14 767
31 15 752
31 16 863
31 17 908
31 18 867
31 19 123
31 20 921
31 21 659
31 22 50
31 23 359
31 24 172
31 25 1019
31 26 528
31 27 468
31 28 460
31 29 124
31 30 127
31 32 865
31 33 243
31 34 202
31 35 802
31 36 999
31 37 852
31 38 771
31 39 824
31 40 154
31 41 533
32 0 683
32 1 537
32 2 937
32 3 524
32 4 787
32 5 1012
32 6 538
32 7 411
32 8 875
32 9 710
32 10 975
32 11 19
32 12 867
32 13 301
32 14 441
32 15 841
32 16 76
32 17 354
32 18 251
32 19 898
32 20 161
32 21 860
32 22 865
32 23 506
32 24 766
32 25 341
32 26 370
32 27 801
32 28 461
32 29 874
32 30 754
32 31 865
32 33 780
32 34 732
32 35 64
32 36 299
32 37 564
32 38 442
32 39 767
32 40 800
32 41 427
33 0 98
33 1 422
33 2 876
33 3 293
33 4 325
33 5 352
33 6 440
33 7 765
33 8 514
33 9 755
33 10 400
33 11 780
33 12 291
33 13 818
33 14 573
33 15 910
33 16 799
33 17 917
33 18 852
33 19 362
33 20 874
33 21 832
33 22 287
33 23 326
33 24 82
33 25 1007
33 26 519
33 27 646
33 28 488
33 29 146
33 30 157
33 31 243
33 32 780
33 34 353
33 35 724
33 36 978
33 37 926
33 38 577
33 39 954
33 40 349
33 41 564
34 0 325
34 1 636
34 2 523
34 3 258
34 4 67
34 5 316
34 6 206
34 7 534
34 8 189
34 9 422
34 10 249
34 11 740
34 12 170
34 13 636
34 14 737
34 15 565
34 16 717
34 17 723
34 18 693
34 19 173
34 20 762
34 21 481
34 22 171
34 23 254
34 24 273
34 25 840
34 26 369
34 27 294
34 28 287
34 29 301
34 30 199
34 31 202
34 32 732
34 33 353
34 35 668
34 36 824
34 37 652
34 38 741
34 39 627
34 40 71
34 41 352
35 0 626
35 1 505
35 2 885
35 3 463
35 4 723
35 5 949
35 6 475
35 7 370
35 8 812
35 9 658
35 10 911
35 11 74
35 12 804
35 13 274
35 14 427
35 15 795
35 16 86
35 17 343
35 18 239
35 19 835
35 20 178
35 21 808
35 22 802
35 23 443
35 24 707
35 25 354
35 26 307
35 27 742
35 28 398
35 29 814
35 30 693
35 31 802
35 32 64
35 33 724
35 34 668
35 36 314
35 37 534
35 38 428
35 39 727
35 40 737
35 41 367
36 0 883
36 1 817
36 2 846
36 3 691
36 4 889
36 5 1135
36 6 620
36 7 324
36 8 916
36 9 634
36 10 1072
36 11 315
36 12 985
36 13 193
36 14 737
36 15 717
36 16 230
36 17 140
36 18 132
36 19 996
36 20 139
36 21 773
36 22 985
36 23 662
36 24 944
36 25 43
36 26 474
36 27 783
36 28 541
36 29 1040
36 30 911
36 31 999
36 32 299
36 33 978
36 34 824
36 35 314
36 37 378
36 38 738
36 39 608
36 40 894
36 41 473
37 0 847
37 1 935
37 2 488
37 3 647
37 4 718
37 5 961
37 6 489
37 7 188
37 8 670
37 9 309
37 10 871
37 11 582
37 12 821
37 13 264
37 14 918
37 15 347
37 16 492
37 17 243
37 18 323
37 19 806
37 20 444
37 21 421
37 22 822
37 23 612
37 24 865
37 25 360
37 26 439
37 27 491
37 28 441
37 29 934
37 30 808
37 31 852
37 32 564
37 33 926
37 34 652
37 35 534
37 36 378
37 38 921
37 39 230
37 40 713
37 41 369
38 0 504
38 1 166
38 2 1149
38 3 486
38 4 766
38 5 910
38 6 633
38 7 737
38 8 927
38 9 943
38 10 923
38 11 429
38 12 799
38 13 684
38 14 5
38 15 1103
38 16 509
38 17 766
38 18 663
38 19 858
38 20 600
38 21 1080
38 22 796
38 23 498
38 24 612
38 25 780
38 26 532
38 27 949
38 28 597
38 29 715
38 30 645
38 31 771
38 32 442
38 33 577
38 34 741
38 35 428
38 36 738
38 37 921
38 39 1074
38 40 788
38 41 623
39 0 891
39 1 1057
39 2 287
39 3 710
39 4 685
39 5 903
39 6 526
39 7 358
39 8 578
39 9 207
39 10 800
39 11 785
39 12 782
39 13 475
39 14 1070
39 15 135
39 16 700
39 17 471
39 18 542
39 19 748
39 20 664
39 21 237
39 22 784
39 23 677
39 24 882
39 25 589
39 26 550
39 27 380
39 28 512
39 29 927
39 30 813
39 31 824
39 32 767
39 33 954
39 34 627
39 35 727
39 36 608
39 37 230
39 38 1074
39 40 672
39 41 461
40 0 340
40 1 673
40 2 540
40 3 312
40 4 25
40 5 250
40 6 276
40 7 602
40 8 166
40 9 466
40 10 179
40 11 808
40 12 111
40 13 706
40 14 784
40 15 599
40 16 786
40 17 792
40 18 764
40 19 103
40 20 832
40 21 507
40 22 113
40 23 313
40 24 267
40 25 910
40 26 439
40 27 317
40 28 357
40 29 268
40 30 194
40 31 154
40 32 800
40 33 349
40 34 71
40 35 737
40 36 894
40 37 713
40 38 788
40 39 672
40 41 422
41 0 480
41 1 597
41 2 539
41 3 279
41 4 417
41 5 665
41 6 149
41 7 202
41 8 459
41 9 323
41 10 600
41 11 440
41 12 515
41 13 285
41 14 619
41 15 481
41 16 391
41 17 375
41 18 342
41 19 524
41 20 420
41 21 466
41 22 515
41 23 244
41 24 510
41 25 489
41 26 92
41 27 377
41 28 77
41 29 592
41 30 461
41 31 533
41 32 427
41 33 564
41 34 352
41 35 367
41 36 473
41 37 369
41 38 623
41 39 461
41 40 422
