nnodes narcs type
42 1722 digraph
nodename posx posy
0 637 57
1 659 475
2 455 828
3 894 360
4 934 0
5 386 972
6 347 189
7 504 190
8 507 368
9 408 823
10 928 933
11 116 133
12 57 555
13 684 671
14 172 828
15 814 148
16 79 885
17 212 202
18 763 228
19 675 226
20 658 531
21 440 401
22 46 232
23 304 525
24 142 414
25 512 372
26 565 885
27 258 655
28 470 952
29 970 11
30 329 735
31 783 967
32 357 971
33 407 667
34 372 7
35 121 347
36 675 89
37 647 697
38 315 177
39 539 731
40 868 40
41 739 703
tail head weight
0 1 419
0 2 793
0 3 398
0 4 303
0 5 949
0 6 319
0 7 189
0 8 338
0 9 800
0 10 924
0 11 527
0 12 765
0 13 616
0 14 901
0 15 200
0 16 999
0 17 450
0 18 213
0 19 174
0 20 475
0 21 397
0 22 617
0 23 575
0 24 611
0 25 339
0 26 832
0 27 708
0 28 911
0 29 337
0 30 745
0 31 922
0 32 956
0 33 652
0 34 270
0 35 592
0 36 50
0 37 641
0 38 344
0 39 682
0 40 232
0 41 655
1 0 419
1 2 408
1 3 262
1 4 549
1 5 568
1 6 424
1 7 325
1 8 186
1 9 430
1 10 532
1 11 642
1 12 608
1 13 198
1 14 602
1 15 362
1 16 711
1 17 524
1 18 269
1 19 250
1 20 57
1 21 232
1 22 660
1 23 359
1 24 521
1 25 180
1 26 421
1 27 440
1 28 514
1 29 559
1 30 421
1 31 508
1 32 581
1 33 317
1 34 549
1 35 554
1 36 387
1 37 223
1 38 456
1 39 283
1 40 483
1 41 242
2 0 793
2 1 408
2 3 642
2 4 957
2 5 160
2 6 649
2 7 640
2 8 463
2 9 48
2 10 485
2 11 774
2 12 483
2 13 278
2 14 283
2 15 769
2 16 381
2 17 672
2 18 675
2 19 641
2 20 360
2 21 428
2 22 723
2 23 339
2 24 520
2 25 460
2 26 124
2 27 263
2 28 125
2 29 966
2 30 157
2 31 357
2 32 174
2 33 169
2 34 826
2 35 586
2 36 772
2 37 233
2 38 666
2 39 129
2 40 890
2 41 311
3 0 398
3 1 262
3 2 642
3 4 363
3 5 796
3 6 574
3 7 426
3 8 388
3 9 672
3 10 575
3 11 811
3 12 860
3 13 376
3 14 861
3 15 227
3 16 970
3 17 701
3 18 186
3 19 257
3 20 292
3 21 456
3 22 858
3 23 613
3 24 754
3 25 383
3 26 620
3 27 702
3 28 729
3 29 358
3 30 679
3 31 618
3 32 814
3 33 576
3 34 631
3 35 774
3 36 349
3 37 418
3 38 608
3 39 514
3 40 322
3 41 377
4 0 303
4 1 549
4 2 957
4 3 363
4 5 1116
4 6 617
4 7 471
4 8 564
4 9 977
4 10 934
4 11 829
4 12 1038
4 13 717
4 14 1126
4 15 191
4 16 1231
4 17 750
4 18 285
4 19 344
4 20 599
4 21 637
4 22 918
4 23 821
4 24 894
4 25 563
4 26 959
4 27 942
4 28 1060
4 29 38
4 30 952
4 31 979
4 32 1130
4 33 851
4 34 563
4 35 884
4 36 274
4 37 754
4 38 644
4 39 831
4 40 78
4 41 730
5 0 949
5 1 568
5 2 160
5 3 796
5 4 1116
5 6 784
5 7 791
5 8 617
5 9 151
5 10 544
5 11 882
5 12 532
5 13 424
5 14 258
5 15 929
5 16 320
5 17 790
5 18 835
5 19 801
5 20 519
5 21 574
5 22 815
5 23 455
5 24 610
5 25 614
5 26 200
5 27 342
5 28 87
5 29 1125
5 30 244
5 31 398
5 32 30
5 33 306
5 34 966
5 35 679
5 36 930
5 37 380
5 38 799
5 39 286
5 40 1050
5 41 444
6 0 319
6 1 424
6 2 649
6 3 574
6 4 617
6 5 784
6 7 158
6 8 241
6 9 637
6 10 944
6 11 238
6 12 467
6 13 589
6 14 663
6 15 469
6 16 746
6 17 136
6 18 418
6 19 331
6 20 463
6 21 232
6 22 305
6 23 339
6 24 305
6 25 247
6 26 730
6 27 475
6 28 773
6 29 648
6 30 547
6 31 892
6 32 783
6 33 482
6 34 184
6 35 276
6 36 343
6 37 590
6 38 35
6 39 576
6 40 542
6 41 647
7 0 189
7 1 325
7 2 640
7 3 426
7 4 471
7 5 791
7 6 158
7 8 179
7 9 641
7 10 856
7 11 393
7 12 578
7 13 514
7 14 720
7 15 313
7 16 815
7 17 293
7 18 262
7 19 175
7 20 375
7 21 221
7 22 460
7 23 391
7 24 426
7 25 183
7 26 698
7 27 527
7 28 763
7 29 500
7 30 573
7 31 826
7 32 795
7 33 487
7 34 226
7 35 414
7 36 199
7 37 527
7 38 190
7 39 543
7 40 394
7 41 565
8 0 338
8 1 186
8 2 463
8 3 388
8 4 564
8 5 617
8 6 241
8 7 179
8 9 466
8 10 705
8 11 457
8 12 488
8 13 351
8 14 570
8 15 378
8 16 672
8 17 339
8 18 292
8 19 220
8 20 223
8 21 75
8 22 481
8 23 257
8 24 368
8 25 7
8 26 521
8 27 380
8 28 586
8 29 585
8 30 408
8 31 660
8 32 622
8 33 316
8 34 386
8 35 387
8 36 326
8 37 358
8 38 271
8 39 365
8 40 488
8 41 408
9 0 800
9 1 430
9 2 48
9 3 672
9 4 977
9 5 151
9 6 637
9 7 641
9 8 466
9 10 532
9 11 750
9 12 442
9 13 316
9 14 237
9 15 788
9 16 335
9 17 652
9 18 693
9 19 654
9 20 385
9 21 424
9 22 694
9 23 316
9 24 488
9 25 463
9 26 169
9 27 226
9 28 144
9 29 988
9 30 119
9 31 402
9 32 157
9 33 157
9 34 817
9 35 556
9 36 782
9 37 271
9 38 653
9 39 161
9 40 909
9 41 353
10 0 924
10 1 532
10 2 485
10 3 575
10 4 934
10 5 544
10 6 944
10 7 856
10 8 705
10 9 532
10 11 1140
10 12 950
10 13 359
10 14 764
10 15 794
10 16 851
10 17 1024
10 18 725
10 19 751
10 20 485
10 21 722
10 22 1127
10 23 746
10 24 942
10 25 699
10 26 367
10 27 726
10 28 459
10 29 923
10 30 631
10 31 149
10 32 573
10 33 585
10 34 1081
10 35 998
10 36 882
10 37 367
10 38 974
10 39 439
10 40 896
10 41 298
11 0 527
11 1 642
11 2 774
11 3 811
11 4 829
11 5 882
11 6 238
11 7 393
11 8 457
11 9 750
11 10 1140
11 12 427
11 13 783
11 14 698
11 15 699
11 16 753
11 17 119
11 18 654
11 19 567
11 20 673
11 21 421
11 22 122
11 23 435
11 24 283
11 25 463
11 26 876
11 27 541
11 28 893
11 29 863
11 30 639
11 31 1068
11 32 872
11 33 609
11 34 286
11 35 215
11 36 561
11 37 775
11 38 204
11 39 733
11 40 758
11 41 845
12 0 765
12 1 608
12 2 483
12 3 860
12 4 1038
12 5 532
12 6 467
12 7 578
12 8 488
12 9 442
12 10 950
12 11 427
12 13 638
12 14 297
12 15 860
12 16 331
12 17 386
12 18 779
12 19 701
12 20 602
12 21 413
12 22 324
12 23 249
12 24 165
12 25 491
12 26 606
12 27 225
12 28 573
12 29 1063
12 30 327
12 31 835
12 32 513
12 33 368
12 34 633
12 35 218
12 36 775
12 37 607
12 38 458
12 39 514
12 40 961
12 41 698
13 0 616
13 1 198
13 2 278
13 3 376
13 4 717
13 5 424
13 6 589
13 7 514
13 8 351
13 9 316
13 10 359
13 11 783
13 12 638
13 14 536
13 15 539
13 16 642
13 17 666
13 18 450
13 19 446
13 20 143
13 21 364
13 22 775
13 23 408
13 24 600
13 25 345
13 26 245
13 27 427
13 28 354
13 29 720
13 30 361
13 31 313
13 32 444
13 33 278
13 34 734
13 35 650
13 36 583
13 37 46
13 38 617
13 39 157
13 40 658
13 41 64
14 0 901
14 1 602
14 2 283
14 3 861
14 4 1126
14 5 258
14 6 663
14 7 720
14 8 570
14 9 237
14 10 764
14 11 698
14 12 297
14 13 536
14 15 936
14 16 110
14 17 628
14 18 843
14 19 785
14 20 570
14 21 505
14 22 610
14 23 331
14 24 416
14 25 569
14 26 398
14 27 194
14 28 323
14 29 1143
14 30 183
14 31 627
14 32 234
14 33 285
14 34 846
14 35 484
14 36 894
14 37 493
14 38 667
14 39 380
14 40 1052
14 41 581
15 0 200
15 1 362
15 2 769
15 3 227
15 4 191
15 5 929
15 6 469
15 7 313
15 8 378
15 9 788
15 10 794
15 11 699
15 12 860
15 13 539
15 14 936
15 16 1041
15 17 605
15 18 95
15 19 160
15 20 414
15 21 452
15 22 773
15 23 635
15 24 723
15 25 377
15 26 778
15 27 753
15 28 875
15 29 208
15 30 762
15 31 820
15 32 942
15 33 660
15 34 464
15 35 722
15 36 152
15 37 574
15 38 500
15 39 645
15 40 121
15 41 561
16 0 999
16 1 711
16 2 381
16 3 970
16 4 1231
16 5 320
16 6 746
16 7 815
16 8 672
16 9 335
16 10 851
16 11 753
16 12 331
16 13 642
16 14 110
16 15 1041
16 17 696
16 18 949
16 19 889
16 20 679
16 21 604
16 22 654
16 23 425
16 24 476
16 25 672
16 26 486
16 27 292
16 28 397
16 29 1249
16 30 292
16 31 709
16 32 291
16 33 394
16 34 926
16 35 540
16 36 995
16 37 599
16 38 747
16 39 486
16 40 1157
16 41 685
17 0 450
17 1 524
17 2 672
17 3 701
17 4 750
17 5 790
17 6 136
17 7 293
17 8 339
17 9 652
17 10 1024
17 11 119
17 12 386
17 13 666
17 14 628
17 15 605
17 16 696
17 18 552
17 19 464
17 20 555
17 21 303
17 22 169
17 23 336
17 24 224
17 25 345
17 26 769
17 27 456
17 28 794
17 29 782
17 30 546
17 31 955
17 32 783
17 33 505
17 34 253
17 35 172
17 36 477
17 37 659
17 38 106
17 39 622
17 40 676
17 41 728
18 0 213
18 1 269
18 2 675
18 3 186
18 4 285
18 5 835
18 6 418
18 7 262
18 8 292
18 9 693
18 10 725
18 11 654
18 12 779
18 13 450
18 14 843
18 15 95
18 16 949
18 17 552
18 19 89
18 20 321
18 21 367
18 22 718
18 23 547
18 24 649
18 25 290
18 26 687
18 27 662
18 28 782
18 29 300
18 30 668
18 31 740
18 32 847
18 33 566
18 34 450
18 35 653
18 36 165
18 37 484
18 38 451
18 39 551
18 40 216
18 41 476
19 0 174
19 1 250
19 2 641
19 3 257
19 4 344
19 5 801
19 6 331
19 7 175
19 8 220
19 9 654
19 10 751
19 11 567
19 12 701
19 13 446
19 14 785
19 15 160
19 16 889
19 17 464
19 18 89
19 20 306
19 21 294
19 22 630
19 23 477
19 24 566
19 25 219
19 26 669
19 27 599
19 28 755
19 29 366
19 30 616
19 31 749
19 32 811
19 33 517
19 34 374
19 35 568
19 36 137
19 37 472
19 38 364
19 39 523
19 40 269
19 41 482
20 0 475
20 1 57
20 2 360
20 3 292
20 4 599
20 5 519
20 6 463
20 7 375
20 8 223
20 9 385
20 10 485
20 11 673
20 12 602
20 13 143
20 14 570
20 15 414
20 16 679
20 17 555
20 18 321
20 19 306
20 21 254
20 22 682
20 23 355
20 24 530
20 25 216
20 26 367
20 27 419
20 28 462
20 29 607
20 30 388
20 31 454
20 32 534
20 33 286
20 34 597
20 35 568
20 36 443
20 37 167
20 38 493
20 39 233
20 40 535
20 41 191
21 0 397
21 1 232
21 2 428
21 3 456
21 4 637
21 5 574
21 6 232
21 7 221
21 8 75
21 9 424
21 10 722
21 11 421
21 12 413
21 13 364
21 14 505
21 15 452
21 16 604
21 17 303
21 18 367
21 19 294
21 20 254
21 22 429
21 23 185
21 24 299
21 25 78
21 26 500
21 27 313
21 28 552
21 29 659
21 30 352
21 31 662
21 32 577
21 33 269
21 34 400
21 35 324
21 36 391
21 37 362
21 38 257
21 39 345
21 40 560
21 41 425
22 0 617
22 1 660
22 2 723
22 3 858
22 4 918
22 5 815
22 6 305
22 7 460
22 8 481
22 9 694
22 10 1127
22 11 122
22 12 324
22 13 775
22 14 610
22 15 773
22 16 654
22 17 169
22 18 718
22 19 630
22 20 682
22 21 429
22 23 391
22 24 206
22 25 487
22 26 835
22 27 474
22 28 836
22 29 951
22 30 578
22 31 1041
22 32 802
22 33 566
22 34 397
22 35 138
22 36 646
22 37 760
22 38 275
22 39 702
22 40 845
22 41 838
23 0 575
23 1 359
23 2 339
23 3 613
23 4 821
23 5 455
23 6 339
23 7 391
23 8 257
23 9 316
23 10 746
23 11 435
23 12 249
23 13 408
23 14 331
23 15 635
23 16 425
23 17 336
23 18 547
23 19 477
23 20 355
23 21 185
23 22 391
23 24 197
23 25 259
23 26 445
23 27 138
23 28 459
23 29 842
23 30 212
23 31 652
23 32 450
23 33 176
23 34 523
23 35 256
23 36 573
23 37 384
23 38 349
23 39 313
23 40 744
23 41 471
24 0 611
24 1 521
24 2 520
24 3 754
24 4 894
24 5 610
24 6 305
24 7 426
24 8 368
24 9 488
24 10 942
24 11 283
24 12 165
24 13 600
24 14 416
24 15 723
24 16 476
24 17 224
24 18 649
24 19 566
24 20 530
24 21 299
24 22 206
24 23 197
24 25 373
24 26 634
24 27 268
24 28 631
24 29 921
24 30 372
24 31 847
24 32 598
24 33 367
24 34 468
24 35 71
24 36 625
24 37 579
24 38 294
24 39 509
24 40 817
24 41 664
25 0 339
25 1 180
25 2 460
25 3 383
25 4 563
25 5 614
25 6 247
25 7 183
25 8 7
25 9 463
25 10 699
25 11 463
25 12 491
25 13 345
25 14 569
25 15 377
25 16 672
25 17 345
25 18 290
25 19 219
25 20 216
25 21 78
25 22 487
25 23 259
25 24 373
25 26 516
25 27 381
25 28 582
25 29 584
25 30 407
25 31 654
25 32 619
25 33 314
25 34 391
25 35 392
25 36 327
25 37 352
25 38 278
25 39 361
25 40 487
25 41 402
26 0 832
26 1 421
26 2 124
26 3 620
26 4 959
26 5 200
26 6 730
26 7 698
26 8 521
26 9 169
26 10 367
26 11 876
26 12 606
26 13 245
26 14 398
26 15 778
26 16 486
26 17 769
26 18 687
26 19 669
26 20 367
26 21 500
26 22 835
26 23 445
26 24 634
26 25 516
26 27 384
26 28 117
26 29 964
26 30 280
26 31 233
26 32 226
26 33 270
26 34 899
26 35 698
26 36 804
26 37 206
26 38 751
26 39 157
26 40 898
26 41 252
27 0 708
27 1 440
27 2 263
27 3 702
27 4 942
27 5 342
27 6 475
27 7 527
27 8 380
27 9 226
27 10 726
27 11 541
27 12 225
27 13 427
27 14 194
27 15 753
27 16 292
27 17 456
27 18 662
27 19 599
27 20 419
27 21 313
27 22 474
27 23 138
27 24 268
27 25 381
27 26 384
27 28 365
27 29 961
27 30 107
27 31 611
27 32 332
27 33 150
27 34 658
27 35 338
27 36 704
27 37 392
27 38 482
27 39 292
27 40 867
27 41 484
28 0 911
28 1 514
28 2 125
28 3 729
28 4 1060
28 5 87
28 6 773
28 7 763
28 8 586
28 9 144
28 10 459
28 11 893
28 12 573
28 13 354
28 14 323
28 15 875
28 16 397
28 17 794
28 18 782
28 19 755
28 20 462
28 21 552
28 22 836
28 23 459
28 24 631
28 25 582
28 26 117
28 27 365
28 29 1066
28 30 259
28 31 314
28 32 115
28 33 292
28 34 951
28 35 699
28 36 888
28 37 311
28 38 791
28 39 232
28 40 996
28 41 367
29 0 337
29 1 559
29 2 966
29 3 358
29 4 38
29 5 1125
29 6 648
29 7 500
29 8 585
29 9 988
29 10 923
29 11 863
29 12 1063
29 13 720
29 14 1143
29 15 208
29 16 1249
29 17 782
29 18 300
29 19 366
29 20 607
29 21 659
29 22 951
29 23 842
29 24 921
29 25 584
29 26 964
29 27 961
29 28 1066
29 30 967
29 31 975
29 32 1140
29 33 865
29 34 599
29 35 914
29 36 306
29 37 759
29 38 676
29 39 840
29 40 107
29 41 730
30 0 745
30 1 421
30 2 157
30 3 679
30 4 952
30 5 244
30 6 547
30 7 573
30 8 408
30 9 119
30 10 631
30 11 639
30 12 327
30 13 361
30 14 183
30 15 762
30 16 292
30 17 546
30 18 668
30 19 616
30 20 388
30 21 352
30 22 578
30 23 212
30 24 372
30 25 407
30 26 280
30 27 107
30 28 259
30 29 967
30 31 510
30 32 238
30 33 104
30 34 730
30 35 441
30 36 733
30 37 321
30 38 559
30 39 211
30 40 880
30 41 412
31 0 922
31 1 508
31 2 357
31 3 618
31 4 979
31 5 398
31 6 892
31 7 826
31 8 660
31 9 402
31 10 149
31 11 1068
31 12 835
31 13 313
31 14 627
31 15 820
31 16 709
31 17 955
31 18 740
31 19 749
31 20 454
31 21 662
31 22 1041
31 23 652
31 24 847
31 25 654
31 26 233
31 27 611
31 28 314
31 29 975
31 30 510
31 32 427
31 33 482
31 34 1045
31 35 907
31 36 885
31 37 303
31 38 919
31 39 340
31 40 931
31 41 268
32 0 956
32 1 581
32 2 174
32 3 814
32 4 1130
32 5 30
32 6 783
32 7 795
32 8 622
32 9 157
32 10 573
32 11 872
32 12 513
32 13 444
32 14 234
32 15 942
32 16 291
32 17 783
32 18 847
32 19 811
32 20 534
32 21 577
32 22 802
32 23 450
32 24 598
32 25 619
32 26 226
32 27 332
32 28 115
32 29 1140
32 30 238
32 31 427
32 33 309
32 34 965
32 35 668
32 36 938
32 37 399
32 38 796
32 39 302
32 40 1063
32 41 467
33 0 652
33 1 317
33 2 169
33 3 576
33 4 851
33 5 306
33 6 482
33 7 487
33 8 316
33 9 157
33 10 585
33 11 609
33 12 368
33 13 278
33 14 285
33 15 660
33 16 394
33 17 505
33 18 566
33 19 517
33 20 286
33 21 269
33 22 566
33 23 176
33 24 367
33 25 314
33 26 270
33 27 150
33 28 292
33 29 865
33 30 104
33 31 482
33 32 309
33 34 661
33 35 430
33 36 638
33 37 242
33 38 499
33 39 147
33 40 779
33 41 334
34 0 270
34 1 549
34 2 826
34 3 631
34 4 563
34 5 966
34 6 184
34 7 226
34 8 386
34 9 817
34 10 1081
34 11 286
34 12 633
34 13 734
34 14 846
34 15 464
34 16 926
34 17 253
34 18 450
34 19 374
34 20 597
34 21 400
34 22 397
34 23 523
34 24 468
34 25 391
34 26 899
34 27 658
34 28 951
34 29 599
34 30 730
34 31 1045
34 32 965
34 33 661
34 35 423
34 36 314
34 37 743
34 38 180
34 39 744
34 40 498
34 41 787
35 0 592
35 1 554
35 2 586
35 3 774
35 4 884
35 5 679
35 6 276
35 7 414
35 8 387
35 9 556
35 10 998
35 11 215
35 12 218
35 13 650
35 14 484
35 15 722
35 16 540
35 17 172
35 18 653
35 19 568
35 20 568
35 21 324
35 22 138
35 23 256
35 24 71
35 25 392
35 26 698
35 27 338
35 28 699
35 29 914
35 30 441
35 31 907
35 32 668
35 33 430
35 34 423
35 36 612
35 37 632
35 38 258
35 39 568
35 40 808
35 41 714
36 0 50
36 1 387
36 2 772
36 3 349
36 4 274
36 5 930
36 6 343
36 7 199
36 8 326
36 9 782
36 10 882
36 11 561
36 12 775
36 13 583
36 14 894
36 15 152
36 16 995
36 17 477
36 18 165
36 19 137
36 20 443
36 21 391
36 22 646
36 23 573
36 24 625
36 25 327
36 26 804
36 27 704
36 28 888
36 29 306
36 30 733
36 31 885
36 32 938
36 33 638
36 34 314
36 35 612
36 37 609
36 38 371
36 39 657
36 40 200
36 41 618
37 0 641
37 1 223
37 2 233
37 3 418
37 4 754
37 5 380
37 6 590
37 7 527
37 8 358
37 9 271
37 10 367
37 11 775
37 12 607
37 13 46
37 14 493
37 15 574
37 16 599
37 17 659
37 18 484
37 19 472
37 20 167
37 21 362
37 22 760
37 23 384
37 24 579
37 25 352
37 26 206
37 27 392
37 28 311
37 29 759
37 30 321
37 31 303
37 32 399
37 33 242
37 34 743
37 35 632
37 36 609
37 38 617
37 39 114
37 40 694
37 41 93
38 0 344
38 1 456
38 2 666
38 3 608
38 4 644
38 5 799
38 6 35
38 7 190
38 8 271
38 9 653
38 10 974
38 11 204
38 12 458
38 13 617
38 14 667
38 15 500
38 16 747
38 17 106
38 18 451
38 19 364
38 20 493
38 21 257
38 22 275
38 23 349
38 24 294
38 25 278
38 26 751
38 27 482
38 28 791
38 29 676
38 30 559
38 31 919
38 32 796
38 33 499
38 34 180
38 35 258
38 36 371
38 37 617
38 39 598
38 40 570
38 41 676
39 0 682
39 1 283
39 2 129
39 3 514
39 4 831
39 5 286
39 6 576
39 7 543
39 8 365
39 9 161
39 10 439
39 11 733
39 12 514
39 13 157
39 14 380
39 15 645
39 16 486
39 17 622
39 18 551
39 19 523
39 20 233
39 21 345
39 22 702
39 23 313
39 24 509
39 25 361
39 26 157
39 27 292
39 28 232
39 29 840
39 30 211
39 31 340
39 32 302
39 33 147
39 34 744
39 35 568
39 36 657
39 37 114
39 38 598
39 40 766
39 41 202
40 0 232
40 1 483
40 2 890
40 3 322
40 4 78
40 5 1050
40 6 542
40 7 394
40 8 488
40 9 909
40 10 896
40 11 758
40 12 961
40 13 658
40 14 1052
40 15 121
40 16 1157
40 17 676
40 18 216
40 19 269
40 20 535
40 21 560
40 22 845
40 23 744
40 24 817
40 25 487
40 26 898
40 27 867
40 28 996
40 29 107
40 30 880
40 31 931
40 32 1063
40 33 779
40 34 498
40 35 808
40 36 200
40 37 694
40 38 570
40 39 766
40 41 676
41 0 655
41 1 242
41 2 311
41 3 377
41 4 730
41 5 444
41 6 647
41 7 565
41 8 408
41 9 353
41 10 298
41 11 845
41 12 698
41 13 64
41 14 581
41 15 561
41 16 685
41 17 728
41 18 476
41 19 482
41 20 191
41 21 425
41 22 838
41 23 471
41 24 664
41 25 402
41 26 252
41 27 484
41 28 367
41 29 730
41 30 412
41 31 268
41 32 467
41 33 334
41 34 787
41 35 714
41 36 618
41 37 93
41 38 676
41 39 202
41 40 676
