nnodes narcs type
52 2652 digraph
nodename posx posy
0 66 232
1 108 145
2 110 227
3 110 469
4 33 622
5 775 935
6 368 747
7 594 553
8 424 612
9 517 691
10 281 319
11 737 442
12 951 314
13 876 965
14 740 376
15 288 436
16 661 276
17 709 581
18 502 623
19 515 349
20 842 445
21 829 349
22 606 663
23 822 136
24 758 898
25 242 542
26 39 228
27 547 919
28 222 5
29 321 467
30 731 74
31 3 846
32 645 117
33 880 605
34 503 997
35 946 573
36 440 193
37 846 714
38 391 25
39 434 172
40 299 644
41 325 409
42 117 835
43 786 723
44 224 531
45 112 139
46 558 0
47 89 653
48 319 549
49 804 893
50 138 510
51 867 844
tail head weight
0 1 97
0 2 45
0 3 242
0 4 392
0 5 999
0 6 598
0 7 618
0 8 523
0 9 644
0 10 232
0 11 704
0 12 889
0 13 1093
0 14 690
0 15 302
0 16 597
0 17 732
0 18 586
0 19 464
0 20 805
0 21 772
0 22 691
0 23 763
0 24 961
0 25 357
0 26 28
0 27 839
0 28 276
0 29 347
0 30 684
0 31 618
0 32 591
0 33 896
0 34 882
0 35 944
0 36 377
0 37 917
0 38 386
0 39 373
0 40 474
0 41 314
0 42 606
0 43 872
0 44 339
0 45 104
0 46 544
0 47 422
0 48 406
0 49 991
0 50 288
0 51 1009
1 0 97
1 2 83
1 3 325
1 4 483
1 5 1034
1 6 656
1 7 635
1 8 564
1 9 683
1 10 246
1 11 696
1 12 860
1 13 1124
1 14 673
1 15 343
1 16 569
1 17 743
1 18 620
1 19 456
1 20 793
1 21 750
1 22 719
1 23 715
1 24 995
1 25 420
1 26 108
1 27 890
1 28 181
1 29 387
1 30 628
1 31 709
1 32 538
1 33 899
1 34 940
1 35 941
1 36 336
1 37 932
1 38 308
1 39 328
1 40 535
1 41 342
1 42 691
1 43 891
1 44 404
1 45 8
1 46 473
1 47 509
1 48 456
1 49 1022
1 50 367
1 51 1032
2 0 45
2 1 83
2 3 242
2 4 403
2 5 972
2 6 581
2 7 584
2 8 497
2 9 618
2 10 195
2 11 663
2 12 846
2 13 1064
2 14 648
2 15 275
2 16 554
2 17 696
2 18 558
2 19 423
2 20 764
2 21 730
2 22 661
2 23 718
2 24 933
2 25 342
2 26 72
2 27 819
2 28 249
2 29 320
2 30 640
2 31 629
2 32 547
2 33 858
2 34 865
2 35 905
2 36 332
2 37 883
2 38 347
2 39 329
2 40 458
2 41 282
2 42 609
2 43 839
2 44 325
2 45 89
2 46 503
2 47 427
2 48 384
2 49 962
2 50 285
2 51 977
3 0 242
3 1 325
3 2 242
3 4 172
3 5 813
3 6 380
3 7 492
3 8 346
3 9 464
3 10 228
3 11 628
3 12 856
3 13 913
3 14 637
3 15 182
3 16 584
3 17 610
3 18 422
3 19 423
3 20 733
3 21 729
3 22 533
3 23 787
3 24 778
3 25 151
3 26 252
3 27 628
3 28 478
3 29 212
3 30 736
3 31 392
3 32 641
3 33 782
3 34 659
3 35 843
3 36 431
3 37 776
3 38 526
3 39 440
3 40 258
3 41 224
3 42 367
3 43 723
3 44 130
3 45 331
3 46 649
3 47 186
3 48 224
3 49 814
3 50 50
3 51 845
4 0 392
4 1 483
4 2 403
4 3 172
4 5 806
4 6 358
4 7 566
4 8 392
4 9 489
4 10 392
4 11 727
4 12 969
4 13 911
4 14 749
4 15 316
4 16 718
4 17 678
4 18 470
4 19 554
4 20 829
4 21 842
4 22 575
4 23 927
4 24 776
4 25 224
4 26 395
4 27 594
4 28 646
4 29 328
4 30 888
4 31 226
4 32 794
4 33 848
4 34 602
4 35 915
4 36 592
4 37 819
4 38 697
4 39 603
4 40 267
4 41 362
4 42 229
4 43 760
4 44 212
4 45 490
4 46 814
4 47 65
4 48 296
4 49 818
4 50 154
4 51 864
5 0 999
5 1 1034
5 2 972
5 3 813
5 4 806
5 6 449
5 7 423
5 8 478
5 9 356
5 10 790
5 11 495
5 12 646
5 13 106
5 14 561
5 15 698
5 16 669
5 17 361
5 18 415
5 19 642
5 20 495
5 21 589
5 22 321
5 23 801
5 24 41
5 25 663
5 26 1021
5 27 229
5 28 1082
5 29 653
5 30 863
5 31 778
5 32 829
5 33 347
5 34 279
5 35 401
5 36 815
5 37 233
5 38 988
5 39 836
5 40 558
5 41 693
5 42 666
5 43 213
5 44 684
5 45 1036
5 46 960
5 47 742
5 48 598
5 49 52
5 50 766
5 51 130
6 0 598
6 1 656
6 2 581
6 3 380
6 4 358
6 5 449
6 7 298
6 8 147
6 9 160
6 10 437
6 11 479
6 12 727
6 13 553
6 14 526
6 15 322
6 16 555
6 17 380
6 18 183
6 19 425
6 20 563
6 21 610
6 22 253
6 23 762
6 24 419
6 25 241
6 26 615
6 27 249
6 28 757
6 29 284
6 30 765
6 31 379
6 32 689
6 33 532
6 34 285
6 35 604
6 36 559
6 37 480
6 38 723
6 39 579
6 40 124
6 41 341
6 42 266
6 43 419
6 44 260
6 45 660
6 46 771
6 47 295
6 48 204
6 49 460
6 50 331
6 51 509
7 0 618
7 1 635
7 2 584
7 3 492
7 4 566
7 5 423
7 6 298
7 8 180
7 9 159
7 10 391
7 11 182
7 12 430
7 13 500
7 14 230
7 15 328
7 16 285
7 17 119
7 18 116
7 19 219
7 20 271
7 21 312
7 22 111
7 23 476
7 24 382
7 25 353
7 26 644
7 27 370
7 28 663
7 29 287
7 30 499
7 31 660
7 32 439
7 33 291
7 34 454
7 35 353
7 36 392
7 37 300
7 38 566
7 39 414
7 40 309
7 41 306
7 42 555
7 43 257
7 44 371
7 45 636
7 46 555
7 47 515
7 48 276
7 49 400
7 50 459
7 51 400
8 0 523
8 1 564
8 2 497
8 3 346
8 4 392
8 5 478
8 6 147
8 7 180
8 9 123
8 10 327
8 11 357
8 12 606
8 13 574
8 14 395
8 15 223
8 16 412
8 17 287
8 18 79
8 19 279
8 20 451
8 21 483
8 22 190
8 23 621
8 24 440
8 25 195
8 26 544
8 27 331
8 28 640
8 29 178
8 30 620
8 31 482
8 32 543
8 33 457
8 34 394
8 35 524
8 36 420
8 37 435
8 38 588
8 39 441
8 40 130
8 41 226
8 42 380
8 43 379
8 44 216
8 45 567
8 46 627
8 47 338
8 48 123
8 49 473
8 50 304
8 51 501
9 0 644
9 1 683
9 2 618
9 3 464
9 4 489
9 5 356
9 6 160
9 7 159
9 8 123
9 10 441
9 11 333
9 12 575
9 13 452
9 14 386
9 15 343
9 16 440
9 17 222
9 18 70
9 19 343
9 20 408
9 21 463
9 22 94
9 23 634
9 24 318
9 25 313
9 26 666
9 27 230
9 28 747
9 29 298
9 30 654
9 31 537
9 32 589
9 33 374
9 34 307
9 35 445
9 36 504
9 37 330
9 38 678
9 39 526
9 40 224
9 41 342
9 42 426
9 43 271
9 44 334
9 45 685
9 46 693
9 47 430
9 48 244
9 49 351
9 50 421
9 51 382
10 0 232
10 1 246
10 2 195
10 3 228
10 4 392
10 5 790
10 6 437
10 7 391
10 8 327
10 9 441
10 11 473
10 12 671
10 13 879
10 14 463
10 15 118
10 16 383
10 17 502
10 18 376
10 19 236
10 20 575
10 21 549
10 22 474
10 23 572
10 24 751
10 25 227
10 26 259
10 27 657
10 28 320
10 29 154
10 30 513
10 31 596
10 32 417
10 33 664
10 34 714
10 35 712
10 36 203
10 37 690
10 38 314
10 39 213
10 40 326
10 41 101
10 42 542
10 43 647
10 44 220
10 45 247
10 46 423
10 47 386
10 48 234
10 49 777
10 50 239
10 51 787
11 0 704
11 1 696
11 2 663
11 3 628
11 4 727
11 5 495
11 6 479
11 7 182
11 8 357
11 9 333
11 10 473
11 12 250
11 13 542
11 14 67
11 15 450
11 16 183
11 17 142
11 18 297
11 19 241
11 20 106
11 21 131
11 22 257
11 23 318
11 24 457
11 25 505
11 26 731
11 27 514
11 28 676
11 29 417
11 30 369
11 31 838
11 32 338
11 33 217
11 34 603
11 35 247
11 36 388
11 37 294
11 38 542
11 39 406
11 40 483
11 41 414
11 42 735
11 43 286
11 44 521
11 45 695
11 46 477
11 47 682
11 48 432
11 49 456
11 50 603
11 51 423
12 0 889
12 1 860
12 2 846
12 3 856
12 4 969
12 5 646
12 6 727
12 7 430
12 8 606
12 9 575
12 10 671
12 11 250
12 13 656
12 14 220
12 15 675
12 16 293
12 17 361
12 18 546
12 19 438
12 20 171
12 21 127
12 22 491
12 23 220
12 24 616
12 25 745
12 26 917
12 27 728
12 28 792
12 29 649
12 30 326
12 31 1088
12 32 364
12 33 300
12 34 817
12 35 260
12 36 526
12 37 414
12 38 631
12 39 537
12 40 731
12 41 634
12 42 984
12 43 442
12 44 759
12 45 858
12 46 504
12 47 927
12 48 675
12 49 598
12 50 837
12 51 537
13 0 1093
13 1 1124
13 2 1064
13 3 913
13 4 911
13 5 106
13 6 553
13 7 500
13 8 574
13 9 452
13 10 879
13 11 542
13 12 656
13 14 605
13 15 791
13 16 722
13 17 419
13 18 507
13 19 714
13 20 522
13 21 618
13 22 406
13 23 831
13 24 136
13 25 763
13 26 1116
13 27 333
13 28 1162
13 29 746
13 30 903
13 31 882
13 32 879
13 33 361
13 34 375
13 35 399
13 36 887
13 37 253
13 38 1058
13 39 908
13 40 661
13 41 783
13 42 771
13 43 259
13 44 784
13 45 1126
13 46 1017
13 47 847
13 48 696
13 49 102
13 50 867
13 51 122
14 0 690
14 1 673
14 2 648
14 3 637
14 4 749
14 5 561
14 6 526
14 7 230
14 8 395
14 9 386
14 10 463
14 11 67
14 12 220
14 13 605
14 15 456
14 16 128
14 17 208
14 18 344
14 19 227
14 20 124
14 21 94
14 22 317
14 23 254
14 24 523
14 25 525
14 26 717
14 27 577
14 28 638
14 29 429
14 30 303
14 31 875
14 32 276
14 33 269
14 34 665
14 35 286
14 36 352
14 37 355
14 38 495
14 39 368
14 40 517
14 41 417
14 42 774
14 43 351
14 44 539
14 45 672
14 46 418
14 47 708
14 48 456
14 49 521
14 50 617
14 51 485
15 0 302
15 1 343
15 2 275
15 3 182
15 4 316
15 5 698
15 6 322
15 7 328
15 8 223
15 9 343
15 10 118
15 11 450
15 12 675
15 13 791
15 14 456
15 16 406
15 17 446
15 18 285
15 19 244
15 20 555
15 21 548
15 22 391
15 23 613
15 24 660
15 25 116
15 26 325
15 27 549
15 28 437
15 29 46
15 30 573
15 31 500
15 32 479
15 33 616
15 34 601
15 35 673
15 36 287
15 37 624
15 38 424
15 39 302
15 40 209
15 41 46
15 42 435
15 43 575
15 44 115
15 45 346
15 46 513
15 47 295
15 48 118
15 49 690
15 50 168
15 51 709
16 0 597
16 1 569
16 2 554
16 3 584
16 4 718
16 5 669
16 6 555
16 7 285
16 8 412
16 9 440
16 10 383
16 11 183
16 12 293
16 13 722
16 14 128
16 15 406
16 17 309
16 18 382
16 19 164
16 20 248
16 21 184
16 22 391
16 23 214
16 24 630
16 25 497
16 26 624
16 27 654
16 28 516
16 29 390
16 30 214
16 31 871
16 32 160
16 33 396
16 34 739
16 35 412
16 36 237
16 37 476
16 38 369
16 39 250
16 40 517
16 41 362
16 42 781
16 43 465
16 44 506
16 45 566
16 46 295
16 47 686
16 48 438
16 49 634
16 50 573
16 51 605
17 0 732
17 1 743
17 2 696
17 3 610
17 4 678
17 5 361
17 6 380
17 7 119
17 8 287
17 9 222
17 10 502
17 11 142
17 12 361
17 13 419
17 14 208
17 15 446
17 16 309
17 18 212
17 19 303
17 20 191
17 21 262
17 22 132
17 23 460
17 24 321
17 25 469
17 26 758
17 27 375
17 28 755
17 29 405
17 30 508
17 31 755
17 32 469
17 33 173
17 34 465
17 35 238
17 36 473
17 37 191
17 38 641
17 39 493
17 40 415
17 41 421
17 42 645
17 43 162
17 44 488
17 45 743
17 46 601
17 47 625
17 48 392
17 49 327
17 50 576
17 51 307
18 0 586
18 1 620
18 2 558
18 3 422
18 4 470
18 5 415
18 6 183
18 7 116
18 8 79
18 9 70
18 10 376
18 11 297
18 12 546
18 13 507
18 14 344
18 15 285
18 16 382
18 17 212
18 19 275
18 20 384
18 21 427
18 22 112
18 23 583
18 24 376
18 25 273
18 26 609
18 27 300
18 28 679
18 29 239
18 30 595
18 31 547
18 32 526
18 33 379
18 34 375
18 35 447
18 36 435
18 37 356
18 38 609
18 39 457
18 40 205
18 41 278
18 42 440
18 43 302
18 44 293
18 45 622
18 46 626
18 47 415
18 48 198
18 49 406
18 50 382
18 51 427
19 0 464
19 1 456
19 2 423
19 3 423
19 4 554
19 5 642
19 6 425
19 7 219
19 8 279
19 9 343
19 10 236
19 11 241
19 12 438
19 13 714
19 14 227
19 15 244
19 16 164
19 17 303
19 18 275
19 20 341
19 21 314
19 22 327
19 23 374
19 24 601
19 25 335
19 26 492
19 27 571
19 28 452
19 29 228
19 30 350
19 31 714
19 32 266
19 33 446
19 34 649
19 35 486
19 36 174
19 37 493
19 38 347
19 39 195
19 40 366
19 41 200
19 42 629
19 43 462
19 44 344
19 45 455
19 46 352
19 47 524
19 48 281
19 49 617
19 50 410
19 51 608
20 0 805
20 1 793
20 2 764
20 3 733
20 4 829
20 5 495
20 6 563
20 7 271
20 8 451
20 9 408
20 10 575
20 11 106
20 12 171
20 13 522
20 14 124
20 15 555
20 16 248
20 17 191
20 18 384
20 19 341
20 21 97
20 22 322
20 23 310
20 24 461
20 25 608
20 26 832
20 27 559
20 28 761
20 29 522
20 30 388
20 31 930
20 32 383
20 33 165
20 34 648
20 35 165
20 36 475
20 37 270
20 38 617
20 39 491
20 40 579
20 41 519
20 42 824
20 43 284
20 44 624
20 45 792
20 46 528
20 47 782
20 48 534
20 49 450
20 50 707
20 51 400
21 0 772
21 1 750
21 2 730
21 3 729
21 4 842
21 5 589
21 6 610
21 7 312
21 8 483
21 9 463
21 10 549
21 11 131
21 12 127
21 13 618
21 14 94
21 15 548
21 16 184
21 17 262
21 18 427
21 19 314
21 20 97
21 22 386
21 23 214
21 24 554
21 25 618
21 26 800
21 27 636
21 28 698
21 29 522
21 30 292
21 31 964
21 32 297
21 33 262
21 34 726
21 35 253
21 36 420
21 37 366
21 38 545
21 39 433
21 40 607
21 41 508
21 42 863
21 43 377
21 44 632
21 45 748
21 46 442
21 47 801
21 48 548
21 49 545
21 50 710
21 51 497
22 0 691
22 1 719
22 2 661
22 3 533
22 4 575
22 5 321
22 6 253
22 7 111
22 8 190
22 9 94
22 10 474
22 11 257
22 12 491
22 13 406
22 14 317
22 15 391
22 16 391
22 17 132
22 18 112
22 19 327
22 20 322
22 21 386
22 23 570
22 24 280
22 25 384
22 26 715
22 27 263
22 28 762
22 29 346
22 30 603
22 31 631
22 32 548
22 33 281
22 34 350
22 35 352
22 36 499
22 37 246
22 38 674
22 39 521
22 40 308
22 41 379
22 42 519
22 43 190
22 44 405
22 45 721
22 46 665
22 47 518
22 48 309
22 49 304
22 50 493
22 51 318
23 0 763
23 1 715
23 2 718
23 3 787
23 4 927
23 5 801
23 6 762
23 7 476
23 8 621
23 9 634
23 10 572
23 11 318
23 12 220
23 13 831
23 14 254
23 15 613
23 16 214
23 17 460
23 18 583
23 19 374
23 20 310
23 21 214
23 22 570
23 24 765
23 25 708
23 26 789
23 27 830
23 28 615
23 29 601
23 30 111
23 31 1084
23 32 179
23 33 473
23 34 919
23 35 455
23 36 387
23 37 579
23 38 446
23 39 390
23 40 730
23 41 568
23 42 993
23 43 589
23 44 717
23 45 711
23 46 297
23 47 897
23 48 651
23 49 758
23 50 780
23 51 710
24 0 961
24 1 995
24 2 933
24 3 778
24 4 776
24 5 41
24 6 419
24 7 382
24 8 440
24 9 318
24 10 751
24 11 457
24 12 616
24 13 136
24 14 523
24 15 660
24 16 630
24 17 321
24 18 376
24 19 601
24 20 461
24 21 554
24 22 280
24 23 765
24 25 627
24 26 983
24 27 213
24 28 1042
24 29 614
24 30 825
24 31 757
24 32 790
24 33 318
24 34 274
24 35 376
24 36 774
24 37 204
24 38 948
24 39 796
24 40 525
24 41 654
24 42 645
24 43 178
24 44 648
24 45 997
24 46 921
24 47 713
24 48 561
24 49 47
24 50 732
24 51 122
25 0 357
25 1 420
25 2 342
25 3 151
25 4 224
25 5 663
25 6 241
25 7 353
25 8 195
25 9 313
25 10 227
25 11 505
25 12 745
25 13 763
25 14 525
25 15 116
25 16 497
25 17 469
25 18 273
25 19 335
25 20 608
25 21 618
25 22 384
25 23 708
25 24 627
25 26 374
25 27 485
25 28 538
25 29 109
25 30 677
25 31 387
25 32 586
25 33 642
25 34 525
25 35 705
25 36 402
25 37 629
25 38 539
25 39 417
25 40 117
25 41 157
25 42 319
25 43 574
25 44 22
25 45 424
25 46 628
25 47 190
25 48 78
25 49 663
25 50 109
25 51 695
26 0 28
26 1 108
26 2 72
26 3 252
26 4 395
26 5 1021
26 6 615
26 7 644
26 8 544
26 9 666
26 10 259
26 11 731
26 12 917
26 13 1116
26 14 717
26 15 325
26 16 624
26 17 758
26 18 609
26 19 492
26 20 832
26 21 800
26 22 715
26 23 789
26 24 983
26 25 374
26 27 858
26 28 289
26 29 370
26 30 709
26 31 620
26 32 617
26 33 922
26 34 899
26 35 971
26 36 403
26 37 943
26 38 407
26 39 399
26 40 491
26 41 339
26 42 612
26 43 897
26 44 356
26 45 116
26 46 567
26 47 428
26 48 426
26 49 1014
26 50 299
26 51 1033
27 0 839
27 1 890
27 2 819
27 3 628
27 4 594
27 5 229
27 6 249
27 7 370
27 8 331
27 9 230
27 10 657
27 11 514
27 12 728
27 13 333
27 14 577
27 15 549
27 16 654
27 17 375
27 18 300
27 19 571
27 20 559
27 21 636
27 22 263
27 23 830
27 24 213
27 25 485
27 26 858
27 28 971
27 29 506
27 30 865
27 31 549
27 32 808
27 33 458
27 34 90
27 35 529
27 36 734
27 37 363
27 38 908
27 39 756
27 40 371
27 41 557
27 42 439
27 43 310
27 44 505
27 45 894
27 46 920
27 47 530
27 48 435
27 49 259
27 50 579
27 51 329
28 0 276
28 1 181
28 2 249
28 3 478
28 4 646
28 5 1082
28 6 757
28 7 663
28 8 640
28 9 747
28 10 320
28 11 676
28 12 792
28 13 1162
28 14 638
28 15 437
28 16 516
28 17 755
28 18 679
28 19 452
28 20 761
28 21 698
28 22 762
28 23 615
28 24 1042
28 25 538
28 26 289
28 27 971
28 29 473
28 30 514
28 31 870
28 32 438
28 33 891
28 34 1032
28 35 921
28 36 288
28 37 945
28 38 171
28 39 270
28 40 644
28 41 417
28 42 837
28 43 914
28 44 527
28 45 174
28 46 337
28 47 662
28 48 553
28 49 1062
28 50 512
28 51 1059
29 0 347
29 1 387
29 2 320
29 3 212
29 4 328
29 5 653
29 6 284
29 7 287
29 8 178
29 9 298
29 10 154
29 11 417
29 12 649
29 13 746
29 14 429
29 15 46
29 16 390
29 17 405
29 18 239
29 19 228
29 20 522
29 21 522
29 22 346
29 23 601
29 24 614
29 25 109
29 26 370
29 27 506
29 28 473
29 30 568
29 31 495
29 32 477
29 33 576
29 34 561
29 35 634
29 36 299
29 37 581
29 38 448
29 39 316
29 40 179
29 41 59
29 42 421
29 43 531
29 44 117
29 45 389
29 46 524
29 47 298
29 48 83
29 49 645
29 50 188
29 51 664
30 0 684
30 1 628
30 2 640
30 3 736
30 4 888
30 5 863
30 6 765
30 7 499
30 8 620
30 9 654
30 10 513
30 11 369
30 12 326
30 13 903
30 14 303
30 15 573
30 16 214
30 17 508
30 18 595
30 19 350
30 20 388
30 21 292
30 22 603
30 23 111
30 24 825
30 25 677
30 26 709
30 27 865
30 28 514
30 29 568
30 31 1062
30 32 97
30 33 552
30 34 951
30 35 544
30 36 315
30 37 651
30 38 344
30 39 313
30 40 716
30 41 527
30 42 978
30 43 652
30 44 683
30 45 623
30 46 189
30 47 865
30 48 629
30 49 823
30 50 737
30 51 782
31 0 618
31 1 709
31 2 629
31 3 392
31 4 226
31 5 778
31 6 379
31 7 660
31 8 482
31 9 537
31 10 596
31 11 838
31 12 1088
31 13 882
31 14 875
31 15 500
31 16 871
31 17 755
31 18 547
31 19 714
31 20 930
31 21 964
31 22 631
31 23 1084
31 24 757
31 25 387
31 26 620
31 27 549
31 28 870
31 29 495
31 30 1062
31 32 972
31 33 910
31 34 523
31 35 982
31 36 786
31 37 854
31 38 909
31 39 801
31 40 359
31 41 543
31 42 115
31 43 793
31 44 385
31 45 716
31 46 1012
31 47 212
31 48 434
31 49 803
31 50 363
31 51 865
32 0 591
32 1 538
32 2 547
32 3 641
32 4 794
32 5 829
32 6 689
32 7 439
32 8 543
32 9 589
32 10 417
32 11 338
32 12 364
32 13 879
32 14 276
32 15 479
32 16 160
32 17 469
32 18 526
32 19 266
32 20 383
32 21 297
32 22 548
32 23 179
32 24 790
32 25 586
32 26 617
32 27 808
32 28 438
32 29 477
32 30 97
32 31 972
32 33 542
32 34 892
32 35 547
32 36 219
32 37 630
32 38 271
32 39 219
32 40 631
32 41 434
32 42 892
32 43 623
32 44 591
32 45 534
32 46 146
32 47 773
32 48 542
32 49 793
32 50 642
32 51 761
33 0 896
33 1 899
33 2 858
33 3 782
33 4 848
33 5 347
33 6 532
33 7 291
33 8 457
33 9 374
33 10 664
33 11 217
33 12 300
33 13 361
33 14 269
33 15 616
33 16 396
33 17 173
33 18 379
33 19 446
33 20 165
33 21 262
33 22 281
33 23 473
33 24 318
33 25 642
33 26 922
33 27 458
33 28 891
33 29 576
33 30 552
33 31 910
33 32 542
33 34 544
33 35 74
33 36 603
33 37 115
33 38 759
33 39 622
33 40 583
33 41 589
33 42 797
33 43 151
33 44 661
33 45 899
33 46 686
33 47 793
33 48 564
33 49 298
33 50 749
33 51 240
34 0 882
34 1 940
34 2 865
34 3 659
34 4 602
34 5 279
34 6 285
34 7 454
34 8 394
34 9 307
34 10 714
34 11 603
34 12 817
34 13 375
34 14 665
34 15 601
34 16 739
34 17 465
34 18 375
34 19 649
34 20 648
34 21 726
34 22 350
34 23 919
34 24 274
34 25 525
34 26 899
34 27 90
34 28 1032
34 29 561
34 30 951
34 31 523
34 32 892
34 33 544
34 35 614
34 36 807
34 37 445
34 38 979
34 39 828
34 40 408
34 41 615
34 42 419
34 43 394
34 44 544
34 45 943
34 46 999
34 47 539
34 48 485
34 49 319
34 50 609
34 51 395
35 0 944
35 1 941
35 2 905
35 3 843
35 4 915
35 5 401
35 6 604
35 7 353
35 8 524
35 9 445
35 10 712
35 11 247
35 12 260
35 13 399
35 14 286
35 15 673
35 16 412
35 17 238
35 18 447
35 19 486
35 20 165
35 21 253
35 22 352
35 23 455
35 24 376
35 25 705
35 26 971
35 27 529
35 28 921
35 29 634
35 30 544
35 31 982
35 32 547
35 33 74
35 34 614
35 36 633
35 37 173
35 38 780
35 39 651
35 40 651
35 41 643
35 42 870
35 43 220
35 44 724
35 45 941
35 46 693
35 47 861
35 48 628
35 49 351
35 50 811
35 51 283
36 0 377
36 1 336
36 2 332
36 3 431
36 4 592
36 5 815
36 6 559
36 7 392
36 8 420
36 9 504
36 10 203
36 11 388
36 12 526
36 13 887
36 14 352
36 15 287
36 16 237
36 17 473
36 18 435
36 19 174
36 20 475
36 21 420
36 22 499
36 23 387
36 24 774
36 25 402
36 26 403
36 27 734
36 28 288
36 29 299
36 30 315
36 31 786
36 32 219
36 33 603
36 34 807
36 35 633
36 37 661
36 38 175
36 39 22
36 40 473
36 41 245
36 42 719
36 43 633
36 44 402
36 45 333
36 46 227
36 47 579
36 48 377
36 49 789
36 50 438
36 51 779
37 0 917
37 1 932
37 2 883
37 3 776
37 4 819
37 5 233
37 6 480
37 7 300
37 8 435
37 9 330
37 10 690
37 11 294
37 12 414
37 13 253
37 14 355
37 15 624
37 16 476
37 17 191
37 18 356
37 19 493
37 20 270
37 21 366
37 22 246
37 23 579
37 24 204
37 25 629
37 26 943
37 27 363
37 28 945
37 29 581
37 30 651
37 31 854
37 32 630
37 33 115
37 34 445
37 35 173
37 36 661
37 38 826
37 39 681
37 40 552
37 41 604
37 42 739
37 43 61
37 44 649
37 45 933
37 46 770
37 47 760
37 48 553
37 49 184
37 50 737
37 51 132
38 0 386
38 1 308
38 2 347
38 3 526
38 4 697
38 5 988
38 6 723
38 7 566
38 8 588
38 9 678
38 10 314
38 11 542
38 12 631
38 13 1058
38 14 495
38 15 424
38 16 369
38 17 641
38 18 609
38 19 347
38 20 617
38 21 545
38 22 674
38 23 446
38 24 948
38 25 539
38 26 407
38 27 908
38 28 171
38 29 448
38 30 344
38 31 909
38 32 271
38 33 759
38 34 979
38 35 780
38 36 175
38 37 826
38 39 154
38 40 626
38 41 390
38 42 856
38 43 803
38 44 533
38 45 302
38 46 169
38 47 697
38 48 529
38 49 962
38 50 548
38 51 948
39 0 373
39 1 328
39 2 329
39 3 440
39 4 603
39 5 836
39 6 579
39 7 414
39 8 441
39 9 526
39 10 213
39 11 406
39 12 537
39 13 908
39 14 368
39 15 302
39 16 250
39 17 493
39 18 457
39 19 195
39 20 491
39 21 433
39 22 521
39 23 390
39 24 796
39 25 417
39 26 399
39 27 756
39 28 270
39 29 316
39 30 313
39 31 801
39 32 219
39 33 622
39 34 828
39 35 651
39 36 22
39 37 681
39 38 154
39 40 491
39 41 261
39 42 735
39 43 654
39 44 416
39 45 324
39 46 213
39 47 592
39 48 395
39 49 811
39 50 450
39 51 800
40 0 474
40 1 535
40 2 458
40 3 258
40 4 267
40 5 558
40 6 124
40 7 309
40 8 130
40 9 224
40 10 326
40 11 483
40 12 731
40 13 661
40 14 517
40 15 209
40 16 517
40 17 415
40 18 205
40 19 366
40 20 579
40 21 607
40 22 308
40 23 730
40 24 525
40 25 117
40 26 491
40 27 371
40 28 644
40 29 179
40 30 716
40 31 359
40 32 631
40 33 583
40 34 408
40 35 651
40 36 473
40 37 552
40 38 626
40 39 491
40 41 237
40 42 264
40 43 494
40 44 136
40 45 539
40 46 695
40 47 211
40 48 98
40 49 564
40 50 210
40 51 603
41 0 314
41 1 342
41 2 282
41 3 224
41 4 362
41 5 693
41 6 341
41 7 306
41 8 226
41 9 342
41 10 101
41 11 414
41 12 634
41 13 783
41 14 417
41 15 46
41 16 362
41 17 421
41 18 278
41 19 200
41 20 519
41 21 508
41 22 379
41 23 568
41 24 654
41 25 157
41 26 339
41 27 557
41 28 417
41 29 59
41 30 527
41 31 543
41 32 434
41 33 589
41 34 615
41 35 643
41 36 245
41 37 604
41 38 390
41 39 261
41 40 237
41 42 475
41 43 558
41 44 159
41 45 344
41 46 471
41 47 340
41 48 141
41 49 681
41 50 213
41 51 695
42 0 606
42 1 691
42 2 609
42 3 367
42 4 229
42 5 666
42 6 266
42 7 555
42 8 380
42 9 426
42 10 542
42 11 735
42 12 984
42 13 771
42 14 774
42 15 435
42 16 781
42 17 645
42 18 440
42 19 629
42 20 824
42 21 863
42 22 519
42 23 993
42 24 645
42 25 319
42 26 612
42 27 439
42 28 837
42 29 421
42 30 978
42 31 115
42 32 892
42 33 797
42 34 419
42 35 870
42 36 719
42 37 739
42 38 856
42 39 735
42 40 264
42 41 475
42 43 679
42 44 323
42 45 697
42 46 945
42 47 185
42 48 351
42 49 690
42 50 326
42 51 751
43 0 872
43 1 891
43 2 839
43 3 723
43 4 760
43 5 213
43 6 419
43 7 257
43 8 379
43 9 271
43 10 647
43 11 286
43 12 442
43 13 259
43 14 351
43 15 575
43 16 465
43 17 162
43 18 302
43 19 462
43 20 284
43 21 377
43 22 190
43 23 589
43 24 178
43 25 574
43 26 897
43 27 310
43 28 914
43 29 531
43 30 652
43 31 793
43 32 623
43 33 151
43 34 394
43 35 220
43 36 633
43 37 61
43 38 803
43 39 654
43 40 494
43 41 558
43 42 679
43 44 594
43 45 892
43 46 759
43 47 701
43 48 499
43 49 171
43 50 683
43 51 146
44 0 339
44 1 404
44 2 325
44 3 130
44 4 212
44 5 684
44 6 260
44 7 371
44 8 216
44 9 334
44 10 220
44 11 521
44 12 759
44 13 784
44 14 539
44 15 115
44 16 506
44 17 488
44 18 293
44 19 344
44 20 624
44 21 632
44 22 405
44 23 717
44 24 648
44 25 22
44 26 356
44 27 505
44 28 527
44 29 117
44 30 683
44 31 385
44 32 591
44 33 661
44 34 544
44 35 724
44 36 402
44 37 649
44 38 533
44 39 416
44 40 136
44 41 159
44 42 323
44 43 594
44 45 408
44 46 628
44 47 182
44 48 97
44 49 684
44 50 89
44 51 716
45 0 104
45 1 8
45 2 89
45 3 331
45 4 490
45 5 1036
45 6 660
45 7 636
45 8 567
45 9 685
45 10 247
45 11 695
45 12 858
45 13 1126
45 14 672
45 15 346
45 16 566
45 17 743
45 18 622
45 19 455
45 20 792
45 21 748
45 22 721
45 23 711
45 24 997
45 25 424
45 26 116
45 27 894
45 28 174
45 29 389
45 30 623
45 31 716
45 32 534
45 33 899
45 34 943
45 35 941
45 36 333
45 37 933
45 38 302
45 39 324
45 40 539
45 41 344
45 42 697
45 43 892
45 44 408
45 46 468
45 47 515
45 48 460
45 49 1024
45 50 372
45 51 1033
46 0 544
46 1 473
46 2 503
46 3 649
46 4 814
46 5 960
46 6 771
46 7 555
46 8 627
46 9 693
46 10 423
46 11 477
46 12 504
46 13 1017
46 14 418
46 15 513
46 16 295
46 17 601
46 18 626
46 19 352
46 20 528
46 21 442
46 22 665
46 23 297
46 24 921
46 25 628
46 26 567
46 27 920
46 28 337
46 29 524
46 30 189
46 31 1012
46 32 146
46 33 686
46 34 999
46 35 693
46 36 227
46 37 770
46 38 169
46 39 213
46 40 695
46 41 471
46 42 945
46 43 759
46 44 628
46 45 468
46 47 804
46 48 599
46 49 927
46 50 661
46 51 899
47 0 422
47 1 509
47 2 427
47 3 186
47 4 65
47 5 742
47 6 295
47 7 515
47 8 338
47 9 430
47 10 386
47 11 682
47 12 927
47 13 847
47 14 708
47 15 295
47 16 686
47 17 625
47 18 415
47 19 524
47 20 782
47 21 801
47 22 518
47 23 897
47 24 713
47 25 190
47 26 428
47 27 530
47 28 662
47 29 298
47 30 865
47 31 212
47 32 773
47 33 793
47 34 539
47 35 861
47 36 579
47 37 760
47 38 697
47 39 592
47 40 211
47 41 340
47 42 185
47 43 701
47 44 182
47 45 515
47 46 804
47 48 253
47 49 755
47 50 152
47 51 802
48 0 406
48 1 456
48 2 384
48 3 224
48 4 296
48 5 598
48 6 204
48 7 276
48 8 123
48 9 244
48 10 234
48 11 432
48 12 675
48 13 696
48 14 456
48 15 118
48 16 438
48 17 392
48 18 198
48 19 281
48 20 534
48 21 548
48 22 309
48 23 651
48 24 561
48 25 78
48 26 426
48 27 435
48 28 553
48 29 83
48 30 629
48 31 434
48 32 542
48 33 564
48 34 485
48 35 628
48 36 377
48 37 553
48 38 529
48 39 395
48 40 98
48 41 141
48 42 351
48 43 499
48 44 97
48 45 460
48 46 599
48 47 253
48 49 595
48 50 186
48 51 623
49 0 991
49 1 1022
49 2 962
49 3 814
49 4 818
49 5 52
49 6 460
49 7 400
49 8 473
49 9 351
49 10 777
49 11 456
49 12 598
49 13 102
49 14 521
49 15 690
49 16 634
49 17 327
49 18 406
49 19 617
49 20 450
49 21 545
49 22 304
49 23 758
49 24 47
49 25 663
49 26 1014
49 27 259
49 28 1062
49 29 645
49 30 823
49 31 803
49 32 793
49 33 298
49 34 319
49 35 351
49 36 789
49 37 184
49 38 962
49 39 811
49 40 564
49 41 681
49 42 690
49 43 171
49 44 684
49 45 1024
49 46 927
49 47 755
49 48 595
49 50 769
49 51 80
50 0 288
50 1 367
50 2 285
50 3 50
50 4 154
50 5 766
50 6 331
50 7 459
50 8 304
50 9 421
50 10 239
50 11 603
50 12 837
50 13 867
50 14 617
50 15 168
50 16 573
50 17 576
50 18 382
50 19 410
50 20 707
50 21 710
50 22 493
50 23 780
50 24 732
50 25 109
50 26 299
50 27 579
50 28 512
50 29 188
50 30 737
50 31 363
50 32 642
50 33 749
50 34 609
50 35 811
50 36 438
50 37 737
50 38 548
50 39 450
50 40 210
50 41 213
50 42 326
50 43 683
50 44 89
50 45 372
50 46 661
50 47 152
50 48 186
50 49 769
50 51 802
51 0 1009
51 1 1032
51 2 977
51 3 845
51 4 864
51 5 130
51 6 509
51 7 400
51 8 501
51 9 382
51 10 787
51 11 423
51 12 537
51 13 122
51 14 485
51 15 709
51 16 605
51 17 307
51 18 427
51 19 608
51 20 400
51 21 497
51 22 318
51 23 710
51 24 122
51 25 695
51 26 1033
51 27 329
51 28 1059
51 29 664
51 30 782
51 31 865
51 32 761
51 33 240
51 34 395
51 35 283
51 36 779
51 37 132
51 38 948
51 39 800
51 40 603
51 41 695
51 42 751
51 43 146
51 44 716
51 45 1033
51 46 899
51 47 802
51 48 623
51 49 80
51 50 802
