nnodes narcs type
52 2652 digraph
nodename posx posy
0 880 487
1 799 33
2 347 94
3 71 550
4 153 249
5 673 437
6 117 770
7 890 305
8 267 960
9 53 235
10 388 989
11 733 762
12 824 400
13 623 766
14 302 918
15 206 228
16 852 909
17 577 74
18 434 102
19 421 703
20 763 737
21 805 305
22 97 849
23 797 334
24 858 434
25 446 993
26 307 248
27 165 480
28 983 334
29 541 758
30 105 562
31 80 132
32 796 899
33 137 183
34 400 329
35 784 507
36 851 983
37 68 545
38 773 52
39 449 204
40 125 746
41 42 751
42 970 882
43 110 760
44 662 182
45 847 94
46 970 373
47 911 519
48 899 359
49 899 695
50 280 194
51 863 194
tail head weight
0 1 462
0 2 663
0 3 812
0 4 765
0 5 213
0 6 814
0 7 183
0 8 775
0 9 865
0 10 703
0 11 312
0 12 104
0 13 380
0 14 722
0 15 723
0 16 423
0 17 513
0 18 590
0 19 508
0 20 277
0 21 197
0 22 863
0 23 175
0 24 58
0 25 667
0 26 621
0 27 716
0 28 185
0 29 435
0 30 779
0 31 876
0 32 421
0 33 803
0 34 506
0 35 99
0 36 497
0 37 815
0 38 448
0 39 516
0 40 799
0 41 879
0 42 406
0 43 817
0 44 375
0 45 395
0 46 146
0 47 45
0 48 130
0 49 209
0 50 668
0 51 294
1 0 462
1 2 457
1 3 893
1 4 682
1 5 424
1 6 1005
1 7 287
1 8 1069
1 9 773
1 10 1041
1 11 732
1 12 368
1 13 754
1 14 1016
1 15 625
1 16 878
1 17 226
1 18 372
1 19 770
1 20 705
1 21 273
1 22 1077
1 23 302
1 24 406
1 25 1023
1 26 537
1 27 776
1 28 353
1 29 770
1 30 873
1 31 726
1 32 867
1 33 679
1 34 497
1 35 475
1 36 952
1 37 893
1 38 33
1 39 390
1 40 982
1 41 1044
1 42 867
1 43 1002
1 44 203
1 45 78
1 46 381
1 47 499
1 48 341
1 49 670
1 50 544
1 51 174
2 0 663
2 1 457
2 3 534
2 4 249
2 5 474
2 6 715
2 7 583
2 8 870
2 9 327
2 10 896
2 11 772
2 12 567
2 13 727
2 14 826
2 15 195
2 16 959
2 17 231
2 18 88
2 19 614
2 20 766
2 21 505
2 22 796
2 23 510
2 24 614
2 25 905
2 26 160
2 27 427
2 28 680
2 29 692
2 30 527
2 31 270
2 32 922
2 33 229
2 34 241
2 35 602
2 36 1022
2 37 531
2 38 429
2 39 151
2 40 689
2 41 725
2 42 1005
2 43 707
2 44 328
2 45 500
2 46 683
2 47 707
2 48 613
2 49 817
2 50 121
2 51 526
3 0 812
3 1 893
3 2 534
3 4 312
3 5 613
3 6 225
3 7 855
3 8 455
3 9 316
3 10 542
3 11 696
3 12 768
3 13 593
3 14 435
3 15 350
3 16 860
3 17 695
3 18 577
3 19 382
3 20 717
3 21 774
3 22 301
3 23 758
3 24 796
3 25 581
3 26 384
3 27 118
3 28 938
3 29 514
3 30 37
3 31 419
3 32 805
3 33 373
3 34 397
3 35 715
3 36 893
3 37 6
3 38 861
3 39 513
3 40 204
3 41 204
3 42 959
3 43 214
3 44 697
3 45 901
3 46 917
3 47 841
3 48 850
3 49 841
3 50 413
3 51 869
4 0 765
4 1 682
4 2 249
4 3 312
4 5 553
4 6 523
4 7 740
4 8 721
4 9 101
4 10 777
4 11 775
4 12 688
4 13 699
4 14 686
4 15 58
4 16 962
4 17 459
4 18 318
4 19 528
4 20 782
4 21 655
4 22 603
4 23 650
4 24 729
4 25 800
4 26 155
4 27 232
4 28 835
4 29 641
4 30 317
4 31 138
4 32 915
4 33 68
4 34 260
4 35 682
4 36 1013
4 37 308
4 38 651
4 39 300
4 40 498
4 41 515
4 42 1034
4 43 513
4 44 514
4 45 712
4 46 827
4 47 805
4 48 755
4 49 870
4 50 139
4 51 713
5 0 213
5 1 424
5 2 474
5 3 613
5 4 553
5 6 649
5 7 254
5 8 663
5 9 653
5 10 622
5 11 331
5 12 156
5 13 333
5 14 608
5 15 512
5 16 505
5 17 376
5 18 412
5 19 367
5 20 314
5 21 187
5 22 709
5 23 162
5 24 186
5 25 601
5 26 412
5 27 510
5 28 327
5 29 348
5 30 582
5 31 667
5 32 479
5 33 594
5 34 294
5 35 132
5 36 575
5 37 615
5 38 398
5 39 324
5 40 630
5 41 705
5 42 536
5 43 650
5 44 256
5 45 385
5 46 304
5 47 252
5 48 240
5 49 343
5 50 463
5 51 309
6 0 814
6 1 1005
6 2 715
6 3 225
6 4 523
6 5 649
6 7 903
6 8 243
6 9 539
6 10 349
6 11 617
6 12 798
6 13 507
6 14 237
6 15 550
6 16 749
6 17 835
6 18 740
6 19 312
6 20 647
6 21 831
6 22 82
6 23 808
6 24 814
6 25 398
6 26 556
6 27 294
6 28 970
6 29 425
6 30 209
6 31 640
6 32 692
6 33 588
6 34 524
6 35 717
6 36 765
6 37 231
6 38 973
6 39 657
6 40 26
6 41 78
6 42 861
6 43 13
6 44 802
6 45 995
6 46 941
6 47 833
6 48 884
6 49 786
6 50 599
6 51 943
7 0 183
7 1 287
7 2 583
7 3 855
7 4 740
7 5 254
7 6 903
7 8 904
7 9 840
7 10 849
7 11 484
7 12 116
7 13 533
7 14 850
7 15 689
7 16 606
7 17 390
7 18 500
7 19 616
7 20 451
7 21 85
7 22 962
7 23 98
7 24 133
7 25 819
7 26 586
7 27 746
7 28 98
7 29 572
7 30 826
7 31 829
7 32 602
7 33 763
7 34 491
7 35 229
7 36 680
7 37 857
7 38 279
7 39 453
7 40 884
7 41 959
7 42 583
7 43 904
7 44 260
7 45 216
7 46 105
7 47 216
7 48 55
7 49 391
7 50 621
7 51 115
8 0 775
8 1 1069
8 2 870
8 3 455
8 4 721
8 5 663
8 6 243
8 7 904
8 9 756
8 10 125
8 11 507
8 12 790
8 13 406
8 14 55
8 15 735
8 16 588
8 17 939
8 18 875
8 19 300
8 20 544
8 21 848
8 22 204
8 23 821
8 24 792
8 25 183
8 26 714
8 27 491
8 28 952
8 29 341
8 30 430
8 31 849
8 32 533
8 33 788
8 34 645
8 35 688
8 36 585
8 37 461
8 38 1040
8 39 778
8 40 257
8 41 308
8 42 708
8 43 255
8 44 873
8 45 1043
8 46 916
8 47 781
8 48 873
8 49 686
8 50 767
8 51 971
9 0 865
9 1 773
9 2 327
9 3 316
9 4 101
9 5 653
9 6 539
9 7 840
9 8 756
9 10 826
9 11 861
9 12 789
9 13 780
9 14 727
9 15 154
9 16 1046
9 17 549
9 18 404
9 19 596
9 20 870
9 21 756
9 22 616
9 23 751
9 24 830
9 25 854
9 26 255
9 27 270
9 28 936
9 29 716
9 30 332
9 31 107
9 32 997
9 33 99
9 34 360
9 35 780
9 36 1094
9 37 311
9 38 743
9 39 398
9 40 517
9 41 517
9 42 1123
9 43 529
9 44 612
9 45 807
9 46 928
9 47 904
9 48 856
9 49 963
9 50 231
9 51 812
10 0 703
10 1 1041
10 2 896
10 3 542
10 4 777
10 5 622
10 6 349
10 7 849
10 8 125
10 9 826
10 11 413
10 12 733
10 13 324
10 14 112
10 15 783
10 16 471
10 17 935
10 18 889
10 19 288
10 20 452
10 21 802
10 22 323
10 23 773
10 24 728
10 25 59
10 26 746
10 27 556
10 28 885
10 29 278
10 30 513
10 31 911
10 32 418
10 33 845
10 34 661
10 35 624
10 36 464
10 37 548
10 38 1014
10 39 788
10 40 359
10 41 420
10 42 592
10 43 361
10 44 853
10 45 1006
10 46 848
10 47 704
10 48 812
10 49 590
10 50 803
10 51 927
11 0 312
11 1 732
11 2 772
11 3 696
11 4 775
11 5 331
11 6 617
11 7 484
11 8 507
11 9 861
11 10 413
11 12 374
11 13 111
11 14 459
11 15 751
11 16 190
11 17 706
11 18 725
11 19 318
11 20 40
11 21 463
11 22 642
11 23 433
11 24 352
11 25 369
11 26 668
11 27 635
11 28 496
11 29 193
11 30 660
11 31 908
11 32 151
11 33 831
11 34 547
11 35 261
11 36 251
11 37 700
11 38 712
11 39 627
11 40 609
11 41 692
11 42 266
11 43 624
11 44 585
11 45 678
11 46 456
11 47 302
11 48 436
11 49 180
11 50 727
11 51 583
12 0 104
12 1 368
12 2 567
12 3 768
12 4 688
12 5 156
12 6 798
12 7 116
12 8 790
12 9 789
12 10 733
12 11 374
12 13 418
12 14 736
12 15 642
12 16 510
12 17 410
12 18 491
12 19 505
12 20 343
12 21 97
12 22 855
12 23 72
12 24 49
12 25 704
12 26 539
12 27 664
12 28 173
12 29 457
12 30 738
12 31 791
12 32 500
12 33 721
12 34 430
12 35 115
12 36 584
12 37 770
12 38 352
12 39 424
12 40 780
12 41 858
12 42 504
12 43 800
12 44 272
12 45 307
12 46 149
12 47 148
12 48 86
12 49 305
12 50 582
12 51 210
13 0 380
13 1 754
13 2 727
13 3 593
13 4 699
13 5 333
13 6 507
13 7 533
13 8 406
13 9 780
13 10 324
13 11 111
13 12 418
13 14 356
13 15 681
13 16 270
13 17 694
13 18 691
13 19 212
13 20 143
13 21 496
13 22 533
13 23 466
13 24 407
13 25 288
13 26 607
13 27 540
13 28 563
13 29 83
13 30 557
13 31 835
13 32 219
13 33 760
13 34 491
13 35 305
13 36 315
13 37 598
13 38 730
13 39 589
13 40 499
13 41 582
13 42 366
13 43 514
13 44 586
13 45 709
13 46 525
13 47 380
13 48 492
13 49 285
13 50 667
13 51 621
14 0 722
14 1 1016
14 2 826
14 3 435
14 4 686
14 5 608
14 6 237
14 7 850
14 8 55
14 9 727
14 10 112
14 11 459
14 12 736
14 13 356
14 15 697
14 16 551
14 17 888
14 18 827
14 19 246
14 20 496
14 21 793
14 22 217
14 23 766
14 24 738
14 25 163
14 26 671
14 27 459
14 28 898
14 29 288
14 30 407
14 31 817
14 32 495
14 33 754
14 34 598
14 35 634
14 36 553
14 37 441
14 38 986
14 39 729
14 40 247
14 41 310
14 42 669
14 43 249
14 44 820
14 45 988
14 46 863
14 47 729
14 48 818
14 49 638
14 50 725
14 51 916
15 0 723
15 1 625
15 2 195
15 3 350
15 4 58
15 5 512
15 6 550
15 7 689
15 8 735
15 9 154
15 10 783
15 11 751
15 12 642
15 13 681
15 14 697
15 16 939
15 17 402
15 18 261
15 19 522
15 20 755
15 21 604
15 22 631
15 23 601
15 24 684
15 25 802
15 26 103
15 27 256
15 28 785
15 29 627
15 30 349
15 31 159
15 32 894
15 33 83
15 34 219
15 35 642
15 36 994
15 37 346
15 38 594
15 39 245
15 40 525
15 41 549
15 42 1006
15 43 541
15 44 459
15 45 655
15 46 778
15 47 763
15 48 706
15 49 836
15 50 82
15 51 658
16 0 423
16 1 878
16 2 959
16 3 860
16 4 962
16 5 505
16 6 749
16 7 606
16 8 588
16 9 1046
16 10 471
16 11 190
16 12 510
16 13 270
16 14 551
16 15 939
16 17 880
16 18 909
16 19 478
16 20 194
16 21 606
16 22 758
16 23 578
16 24 476
16 25 415
16 26 857
16 27 810
16 28 590
16 29 346
16 30 824
16 31 1096
16 32 57
16 33 1019
16 34 736
16 35 408
16 36 75
16 37 865
16 38 861
16 39 813
16 40 746
16 41 826
16 42 122
16 43 757
16 44 752
16 45 816
16 46 549
16 47 395
16 48 553
16 49 220
16 50 916
16 51 716
17 0 513
17 1 226
17 2 231
17 3 695
17 4 459
17 5 376
17 6 835
17 7 390
17 8 939
17 9 549
17 10 935
17 11 706
17 12 410
17 13 694
17 14 888
17 15 402
17 16 880
17 18 146
17 19 649
17 20 689
17 21 325
17 22 912
17 23 341
17 24 457
17 25 929
17 26 322
17 27 579
17 28 483
17 29 685
17 30 679
17 31 501
17 32 854
17 33 454
17 34 311
17 35 480
17 36 950
17 37 694
17 38 198
17 39 183
17 40 810
17 41 863
17 42 899
17 43 830
17 44 138
17 45 271
17 46 494
17 47 557
17 48 431
17 49 700
17 50 321
17 51 311
18 0 590
18 1 372
18 2 88
18 3 577
18 4 318
18 5 412
18 6 740
18 7 500
18 8 875
18 9 404
18 10 889
18 11 725
18 12 491
18 13 691
18 14 827
18 15 261
18 16 909
18 17 146
18 19 602
18 20 716
18 21 423
18 22 820
18 23 431
18 24 539
18 25 892
18 26 194
18 27 464
18 28 597
18 29 665
18 30 566
18 31 356
18 32 876
18 33 308
18 34 230
18 35 536
18 36 975
18 37 575
18 38 343
18 39 104
18 40 715
18 41 759
18 42 947
18 43 734
18 44 242
18 45 414
18 46 601
18 47 634
18 48 532
18 49 754
18 50 180
18 51 439
19 0 508
19 1 770
19 2 614
19 3 382
19 4 528
19 5 367
19 6 312
19 7 616
19 8 300
19 9 596
19 10 288
19 11 318
19 12 505
19 13 212
19 14 246
19 15 522
19 16 478
19 17 649
19 18 602
19 20 344
19 21 554
19 22 356
19 23 527
19 24 514
19 25 292
19 26 470
19 27 340
19 28 673
19 29 133
19 30 347
19 31 666
19 32 424
19 33 593
19 34 375
19 35 413
19 36 514
19 37 387
19 38 741
19 39 500
19 40 300
19 41 383
19 42 578
19 43 317
19 44 575
19 45 744
19 46 641
19 47 524
19 48 589
19 49 479
19 50 529
19 51 675
20 0 277
20 1 705
20 2 766
20 3 717
20 4 782
20 5 314
20 6 647
20 7 451
20 8 544
20 9 870
20 10 452
20 11 40
20 12 343
20 13 143
20 14 496
20 15 755
20 16 194
20 17 689
20 18 716
20 19 344
20 21 435
20 22 676
20 23 405
20 24 318
20 25 408
20 26 669
20 27 651
20 28 460
20 29 223
20 30 681
20 31 913
20 32 166
20 33 836
20 34 547
20 35 231
20 36 262
20 37 722
20 38 686
20 39 619
20 40 639
20 41 722
20 42 253
20 43 654
20 44 565
20 45 649
20 46 419
20 47 264
20 48 402
20 49 143
20 50 727
20 51 553
21 0 197
21 1 273
21 2 505
21 3 774
21 4 655
21 5 187
21 6 831
21 7 85
21 8 848
21 9 756
21 10 802
21 11 463
21 12 97
21 13 496
21 14 793
21 15 604
21 16 606
21 17 325
21 18 423
21 19 554
21 20 435
21 22 893
21 23 31
21 24 140
21 25 777
21 26 502
21 27 664
21 28 181
21 29 525
21 30 746
21 31 746
21 32 595
21 33 680
21 34 406
21 35 204
21 36 680
21 37 776
21 38 256
21 39 371
21 40 811
21 41 884
21 42 601
21 43 831
21 44 189
21 45 216
21 46 179
21 47 239
21 48 109
21 49 402
21 50 537
21 51 126
22 0 863
22 1 1077
22 2 796
22 3 301
22 4 603
22 5 709
22 6 82
22 7 962
22 8 204
22 9 616
22 10 323
22 11 642
22 12 855
22 13 533
22 14 217
22 15 631
22 16 758
22 17 912
22 18 820
22 19 356
22 20 676
22 21 893
22 23 870
22 24 867
22 25 378
22 26 637
22 27 376
22 28 1025
22 29 454
22 30 288
22 31 718
22 32 701
22 33 668
22 34 602
22 35 768
22 36 766
22 37 306
22 38 1046
22 39 735
22 40 107
22 41 113
22 42 874
22 43 90
22 44 875
22 45 1065
22 46 995
22 47 879
22 48 940
22 49 817
22 50 681
22 51 1008
23 0 175
23 1 302
23 2 510
23 3 758
23 4 650
23 5 162
23 6 808
23 7 98
23 8 821
23 9 751
23 10 773
23 11 433
23 12 72
23 13 466
23 14 766
23 15 601
23 16 578
23 17 341
23 18 431
23 19 527
23 20 405
23 21 31
23 22 870
23 24 118
23 25 747
23 26 498
23 27 649
23 28 186
23 29 496
23 30 729
23 31 745
23 32 566
23 33 678
23 34 398
23 35 174
23 36 652
23 37 759
23 38 284
23 39 372
23 40 789
23 41 863
23 42 575
23 43 809
23 44 204
23 45 246
23 46 178
23 47 218
23 48 106
23 49 376
23 50 536
23 51 155
24 0 58
24 1 406
24 2 614
24 3 796
24 4 729
24 5 186
24 6 814
24 7 133
24 8 792
24 9 830
24 10 728
24 11 352
24 12 49
24 13 407
24 14 738
24 15 684
24 16 476
24 17 457
24 18 539
24 19 514
24 20 318
24 21 140
24 22 867
24 23 118
24 25 695
24 26 582
24 27 695
24 28 161
24 29 454
24 30 764
24 31 835
24 32 470
24 33 764
24 34 470
24 35 104
24 36 550
24 37 798
24 38 392
24 39 470
24 40 797
24 41 876
24 42 462
24 43 816
24 44 320
24 45 341
24 46 128
24 47 101
24 48 86
24 49 265
24 50 626
24 51 241
25 0 667
25 1 1023
25 2 905
25 3 581
25 4 800
25 5 601
25 6 398
25 7 819
25 8 183
25 9 854
25 10 59
25 11 369
25 12 704
25 13 288
25 14 163
25 15 802
25 16 415
25 17 929
25 18 892
25 19 292
25 20 408
25 21 777
25 22 378
25 23 747
25 24 695
25 26 758
25 27 585
25 28 851
25 29 254
25 30 550
25 31 936
25 32 363
25 33 867
25 34 666
25 35 592
25 36 406
25 37 587
25 38 997
25 39 790
25 40 406
25 41 471
25 42 536
25 43 409
25 44 840
25 45 985
25 46 812
25 47 665
25 48 780
25 49 543
25 50 817
25 51 902
26 0 621
26 1 537
26 2 160
26 3 384
26 4 155
26 5 412
26 6 556
26 7 586
26 8 714
26 9 255
26 10 746
26 11 668
26 12 539
26 13 607
26 14 671
26 15 103
26 16 857
26 17 322
26 18 194
26 19 470
26 20 669
26 21 502
26 22 637
26 23 498
26 24 582
26 25 758
26 27 273
26 28 682
26 29 562
26 30 374
26 31 255
26 32 815
26 33 183
26 34 124
26 35 543
26 36 915
26 37 382
26 38 506
26 39 149
26 40 531
26 41 569
26 42 918
26 43 549
26 44 362
26 45 562
26 46 675
26 47 663
26 48 603
26 49 742
26 50 61
26 51 559
27 0 716
27 1 776
27 2 427
27 3 118
27 4 232
27 5 510
27 6 294
27 7 746
27 8 491
27 9 270
27 10 556
27 11 635
27 12 664
27 13 540
27 14 459
27 15 256
27 16 810
27 17 579
27 18 464
27 19 340
27 20 651
27 21 664
27 22 376
27 23 649
27 24 695
27 25 585
27 26 273
27 28 831
27 29 468
27 30 102
27 31 359
27 32 758
27 33 299
27 34 280
27 35 620
27 36 851
27 37 117
27 38 744
27 39 397
27 40 269
27 41 298
27 42 900
27 43 286
27 44 580
27 45 784
27 46 813
27 47 748
27 48 744
27 49 765
27 50 309
27 51 755
28 0 185
28 1 353
28 2 680
28 3 938
28 4 835
28 5 327
28 6 970
28 7 98
28 8 952
28 9 936
28 10 885
28 11 496
28 12 173
28 13 563
28 14 898
28 15 785
28 16 590
28 17 483
28 18 597
28 19 673
28 20 460
28 21 181
28 22 1025
28 23 186
28 24 161
28 25 851
28 26 682
28 27 831
28 29 613
28 30 908
28 31 926
28 32 596
28 33 860
28 34 584
28 35 264
28 36 663
28 37 940
28 38 352
28 39 550
28 40 952
28 41 1030
28 42 549
28 43 972
28 44 356
28 45 276
28 46 42
28 47 199
28 48 88
28 49 371
28 50 717
28 51 185
29 0 435
29 1 770
29 2 692
29 3 514
29 4 641
29 5 348
29 6 425
29 7 572
29 8 341
29 9 716
29 10 278
29 11 193
29 12 457
29 13 83
29 14 288
29 15 627
29 16 346
29 17 685
29 18 665
29 19 133
29 20 223
29 21 525
29 22 454
29 23 496
29 24 454
29 25 254
29 26 562
29 27 468
29 28 613
29 30 479
29 31 778
29 32 292
29 33 703
29 34 452
29 35 350
29 36 384
29 37 519
29 38 744
29 39 562
29 40 417
29 41 500
29 42 447
29 43 432
29 44 589
29 45 732
29 46 577
29 47 441
29 48 537
29 49 364
29 50 622
29 51 650
30 0 779
30 1 873
30 2 527
30 3 37
30 4 317
30 5 582
30 6 209
30 7 826
30 8 430
30 9 332
30 10 513
30 11 660
30 12 738
30 13 557
30 14 407
30 15 349
30 16 824
30 17 679
30 18 566
30 19 347
30 20 681
30 21 746
30 22 288
30 23 729
30 24 764
30 25 550
30 26 374
30 27 102
30 28 908
30 29 479
30 31 431
30 32 769
30 33 381
30 34 376
30 35 682
30 36 857
30 37 41
30 38 841
30 39 497
30 40 186
30 41 200
30 42 923
30 43 199
30 44 675
30 45 878
30 46 886
30 47 808
30 48 820
30 49 806
30 50 408
30 51 843
31 0 876
31 1 726
31 2 270
31 3 419
31 4 138
31 5 667
31 6 640
31 7 829
31 8 849
31 9 107
31 10 911
31 11 908
31 12 791
31 13 835
31 14 817
31 15 159
31 16 1096
31 17 501
31 18 356
31 19 666
31 20 913
31 21 746
31 22 718
31 23 745
31 24 835
31 25 936
31 26 255
31 27 359
31 28 926
31 29 778
31 30 431
31 32 1050
31 33 77
31 34 376
31 35 798
31 36 1149
31 37 414
31 38 698
31 39 376
31 40 616
31 41 621
31 42 1164
31 43 629
31 44 585
31 45 768
31 46 923
31 47 917
31 48 850
31 49 994
31 50 210
31 51 786
32 0 421
32 1 867
32 2 922
32 3 805
32 4 915
32 5 479
32 6 692
32 7 602
32 8 533
32 9 997
32 10 418
32 11 151
32 12 500
32 13 219
32 14 495
32 15 894
32 16 57
32 17 854
32 18 876
32 19 424
32 20 166
32 21 595
32 22 701
32 23 566
32 24 470
32 25 363
32 26 815
32 27 758
32 28 596
32 29 292
32 30 769
32 31 1050
32 33 974
32 34 695
32 35 393
32 36 101
32 37 810
32 38 848
32 39 777
32 40 689
32 41 769
32 42 175
32 43 700
32 44 730
32 45 807
32 46 555
32 47 398
32 48 550
32 49 229
32 50 874
32 51 709
33 0 803
33 1 679
33 2 229
33 3 373
33 4 68
33 5 594
33 6 588
33 7 763
33 8 788
33 9 99
33 10 845
33 11 831
33 12 721
33 13 760
33 14 754
33 15 83
33 16 1019
33 17 454
33 18 308
33 19 593
33 20 836
33 21 680
33 22 668
33 23 678
33 24 764
33 25 867
33 26 183
33 27 299
33 28 860
33 29 703
33 30 381
33 31 77
33 32 974
33 34 301
33 35 724
33 36 1073
33 37 369
33 38 650
33 39 313
33 40 564
33 41 576
33 42 1088
33 43 578
33 44 526
33 45 716
33 46 855
33 47 844
33 48 783
33 49 919
33 50 144
33 51 727
34 0 506
34 1 497
34 2 241
34 3 397
34 4 260
34 5 294
34 6 524
34 7 491
34 8 645
34 9 360
34 10 661
34 11 547
34 12 430
34 13 491
34 14 598
34 15 219
34 16 736
34 17 311
34 18 230
34 19 375
34 20 547
34 21 406
34 22 602
34 23 398
34 24 470
34 25 666
34 26 124
34 27 280
34 28 584
34 29 452
34 30 376
34 31 376
34 32 695
34 33 301
34 35 424
34 36 795
34 37 397
34 38 465
34 39 135
34 40 500
34 41 554
34 42 795
34 43 520
34 44 301
34 45 506
34 46 572
34 47 546
34 48 500
34 49 619
34 50 181
34 51 483
35 0 99
35 1 475
35 2 602
35 3 715
35 4 682
35 5 132
35 6 717
35 7 229
35 8 688
35 9 780
35 10 624
35 11 261
35 12 115
35 13 305
35 14 634
35 15 642
35 16 408
35 17 480
35 18 536
35 19 413
35 20 231
35 21 204
35 22 768
35 23 174
35 24 104
35 25 592
35 26 543
35 27 620
35 28 264
35 29 350
35 30 682
35 31 798
35 32 393
35 33 724
35 34 424
35 36 481
35 37 718
35 38 456
35 39 452
35 40 702
35 41 782
35 42 419
35 43 720
35 44 348
35 45 418
35 46 230
35 47 128
35 48 188
35 49 221
35 50 594
35 51 323
36 0 497
36 1 952
36 2 1022
36 3 893
36 4 1013
36 5 575
36 6 765
36 7 680
36 8 585
36 9 1094
36 10 464
36 11 251
36 12 584
36 13 315
36 14 553
36 15 994
36 16 75
36 17 950
36 18 975
36 19 514
36 20 262
36 21 680
36 22 766
36 23 652
36 24 550
36 25 406
36 26 915
36 27 851
36 28 663
36 29 384
36 30 857
36 31 1149
36 32 101
36 33 1073
36 34 795
36 35 481
36 37 898
36 38 935
36 39 877
36 40 764
36 41 842
36 42 157
36 43 774
36 44 823
36 45 890
36 46 622
36 47 468
36 48 626
36 49 292
36 50 974
36 51 790
37 0 815
37 1 893
37 2 531
37 3 6
37 4 308
37 5 615
37 6 231
37 7 857
37 8 461
37 9 311
37 10 548
37 11 700
37 12 770
37 13 598
37 14 441
37 15 346
37 16 865
37 17 694
37 18 575
37 19 387
37 20 722
37 21 776
37 22 306
37 23 759
37 24 798
37 25 587
37 26 382
37 27 117
37 28 940
37 29 519
37 30 41
37 31 414
37 32 810
37 33 369
37 34 397
37 35 718
37 36 898
37 38 861
37 39 512
37 40 209
37 41 208
37 42 963
37 43 220
37 44 697
37 45 901
37 46 919
37 47 844
37 48 852
37 49 845
37 50 411
37 51 870
38 0 448
38 1 33
38 2 429
38 3 861
38 4 651
38 5 398
38 6 973
38 7 279
38 8 1040
38 9 743
38 10 1014
38 11 712
38 12 352
38 13 730
38 14 986
38 15 594
38 16 861
38 17 198
38 18 343
38 19 741
38 20 686
38 21 256
38 22 1046
38 23 284
38 24 392
38 25 997
38 26 506
38 27 744
38 28 352
38 29 744
38 30 841
38 31 698
38 32 848
38 33 650
38 34 465
38 35 456
38 36 935
38 37 861
38 39 358
38 40 950
38 41 1012
38 42 854
38 43 970
38 44 171
38 45 86
38 46 377
38 47 487
38 48 332
38 49 656
38 50 514
38 51 169
39 0 516
39 1 390
39 2 151
39 3 513
39 4 300
39 5 324
39 6 657
39 7 453
39 8 778
39 9 398
39 10 788
39 11 627
39 12 424
39 13 589
39 14 729
39 15 245
39 16 813
39 17 183
39 18 104
39 19 500
39 20 619
39 21 371
39 22 735
39 23 372
39 24 470
39 25 790
39 26 149
39 27 397
39 28 550
39 29 562
39 30 497
39 31 376
39 32 777
39 33 313
39 34 135
39 35 452
39 36 877
39 37 512
39 38 358
39 40 632
39 41 682
39 42 856
39 43 652
39 44 215
39 45 413
39 46 548
39 47 560
39 48 476
39 49 667
39 50 170
39 51 415
40 0 799
40 1 982
40 2 689
40 3 204
40 4 498
40 5 630
40 6 26
40 7 884
40 8 257
40 9 517
40 10 359
40 11 609
40 12 780
40 13 499
40 14 247
40 15 525
40 16 746
40 17 810
40 18 715
40 19 300
40 20 639
40 21 811
40 22 107
40 23 789
40 24 797
40 25 406
40 26 531
40 27 269
40 28 952
40 29 417
40 30 186
40 31 616
40 32 689
40 33 564
40 34 500
40 35 702
40 36 764
40 37 209
40 38 950
40 39 632
40 41 84
40 42 856
40 43 21
40 44 779
40 45 973
40 46 924
40 47 819
40 48 866
40 49 776
40 50 574
40 51 922
41 0 879
41 1 1044
41 2 725
41 3 204
41 4 515
41 5 705
41 6 78
41 7 959
41 8 308
41 9 517
41 10 420
41 11 692
41 12 858
41 13 582
41 14 310
41 15 549
41 16 826
41 17 863
41 18 759
41 19 383
41 20 722
41 21 884
41 22 113
41 23 863
41 24 876
41 25 471
41 26 569
41 27 298
41 28 1030
41 29 500
41 30 200
41 31 621
41 32 769
41 33 576
41 34 554
41 35 782
41 36 842
41 37 208
41 38 1012
41 39 682
41 40 84
41 42 938
41 43 69
41 44 842
41 45 1040
41 46 1003
41 47 900
41 48 943
41 49 859
41 50 606
41 51 993
42 0 406
42 1 867
42 2 1005
42 3 959
42 4 1034
42 5 536
42 6 861
42 7 583
42 8 708
42 9 1123
42 10 592
42 11 266
42 12 504
42 13 366
42 14 669
42 15 1006
42 16 122
42 17 899
42 18 947
42 19 578
42 20 253
42 21 601
42 22 874
42 23 575
42 24 462
42 25 536
42 26 918
42 27 900
42 28 549
42 29 447
42 30 923
42 31 1164
42 32 175
42 33 1088
42 34 795
42 35 419
42 36 157
42 37 963
42 38 854
42 39 856
42 40 856
42 41 938
42 43 869
42 44 765
42 45 798
42 46 509
42 47 368
42 48 528
42 49 201
42 50 975
42 51 697
43 0 817
43 1 1002
43 2 707
43 3 214
43 4 513
43 5 650
43 6 13
43 7 904
43 8 255
43 9 529
43 10 361
43 11 624
43 12 800
43 13 514
43 14 249
43 15 541
43 16 757
43 17 830
43 18 734
43 19 317
43 20 654
43 21 831
43 22 90
43 23 809
43 24 816
43 25 409
43 26 549
43 27 286
43 28 972
43 29 432
43 30 199
43 31 629
43 32 700
43 33 578
43 34 520
43 35 720
43 36 774
43 37 220
43 38 970
43 39 652
43 40 21
43 41 69
43 42 869
43 44 800
43 45 994
43 46 944
43 47 837
43 48 886
43 49 792
43 50 591
43 51 943
44 0 375
44 1 203
44 2 328
44 3 697
44 4 514
44 5 256
44 6 802
44 7 260
44 8 873
44 9 612
44 10 853
44 11 585
44 12 272
44 13 586
44 14 820
44 15 459
44 16 752
44 17 138
44 18 242
44 19 575
44 20 565
44 21 189
44 22 875
44 23 204
44 24 320
44 25 840
44 26 362
44 27 580
44 28 356
44 29 589
44 30 675
44 31 585
44 32 730
44 33 526
44 34 301
44 35 348
44 36 823
44 37 697
44 38 171
44 39 215
44 40 779
44 41 842
44 42 765
44 43 800
44 45 205
44 46 363
44 47 420
44 48 296
44 49 566
44 50 383
44 51 202
45 0 395
45 1 78
45 2 500
45 3 901
45 4 712
45 5 385
45 6 995
45 7 216
45 8 1043
45 9 807
45 10 1006
45 11 678
45 12 307
45 13 709
45 14 988
45 15 655
45 16 816
45 17 271
45 18 414
45 19 744
45 20 649
45 21 216
45 22 1065
45 23 246
45 24 341
45 25 985
45 26 562
45 27 784
45 28 276
45 29 732
45 30 878
45 31 768
45 32 807
45 33 716
45 34 506
45 35 418
45 36 890
45 37 901
45 38 86
45 39 413
45 40 973
45 41 1040
45 42 798
45 43 994
45 44 205
45 46 305
45 47 430
45 48 271
45 49 604
45 50 576
45 51 102
46 0 146
46 1 381
46 2 683
46 3 917
46 4 827
46 5 304
46 6 941
46 7 105
46 8 916
46 9 928
46 10 848
46 11 456
46 12 149
46 13 525
46 14 863
46 15 778
46 16 549
46 17 494
46 18 601
46 19 641
46 20 419
46 21 179
46 22 995
46 23 178
46 24 128
46 25 812
46 26 675
46 27 813
46 28 42
46 29 577
46 30 886
46 31 923
46 32 555
46 33 855
46 34 572
46 35 230
46 36 622
46 37 919
46 38 377
46 39 548
46 40 924
46 41 1003
46 42 509
46 43 944
46 44 363
46 45 305
46 47 158
46 48 73
46 49 330
46 50 713
46 51 209
47 0 45
47 1 499
47 2 707
47 3 841
47 4 805
47 5 252
47 6 833
47 7 216
47 8 781
47 9 904
47 10 704
47 11 302
47 12 148
47 13 380
47 14 729
47 15 763
47 16 395
47 17 557
47 18 634
47 19 524
47 20 264
47 21 239
47 22 879
47 23 218
47 24 101
47 25 665
47 26 663
47 27 748
47 28 199
47 29 441
47 30 808
47 31 917
47 32 398
47 33 844
47 34 546
47 35 128
47 36 468
47 37 844
47 38 487
47 39 560
47 40 819
47 41 900
47 42 368
47 43 837
47 44 420
47 45 430
47 46 158
47 48 161
47 49 177
47 50 710
47 51 329
48 0 130
48 1 341
48 2 613
48 3 850
48 4 755
48 5 240
48 6 884
48 7 55
48 8 873
48 9 856
48 10 812
48 11 436
48 12 86
48 13 492
48 14 818
48 15 706
48 16 553
48 17 431
48 18 532
48 19 589
48 20 402
48 21 109
48 22 940
48 23 106
48 24 86
48 25 780
48 26 603
48 27 744
48 28 88
48 29 537
48 30 820
48 31 850
48 32 550
48 33 783
48 34 500
48 35 188
48 36 626
48 37 852
48 38 332
48 39 476
48 40 866
48 41 943
48 42 528
48 43 886
48 44 296
48 45 271
48 46 73
48 47 161
48 49 336
48 50 641
48 51 169
49 0 209
49 1 670
49 2 817
49 3 841
49 4 870
49 5 343
49 6 786
49 7 391
49 8 686
49 9 963
49 10 590
49 11 180
49 12 305
49 13 285
49 14 638
49 15 836
49 16 220
49 17 700
49 18 754
49 19 479
49 20 143
49 21 402
49 22 817
49 23 376
49 24 265
49 25 543
49 26 742
49 27 765
49 28 371
49 29 364
49 30 806
49 31 994
49 32 229
49 33 919
49 34 619
49 35 221
49 36 292
49 37 845
49 38 656
49 39 667
49 40 776
49 41 859
49 42 201
49 43 792
49 44 566
49 45 604
49 46 330
49 47 177
49 48 336
49 50 797
49 51 503
50 0 668
50 1 544
50 2 121
50 3 413
50 4 139
50 5 463
50 6 599
50 7 621
50 8 767
50 9 231
50 10 803
50 11 727
50 12 582
50 13 667
50 14 725
50 15 82
50 16 916
50 17 321
50 18 180
50 19 529
50 20 727
50 21 537
50 22 681
50 23 536
50 24 626
50 25 817
50 26 61
50 27 309
50 28 717
50 29 622
50 30 408
50 31 210
50 32 874
50 33 144
50 34 181
50 35 594
50 36 974
50 37 411
50 38 514
50 39 170
50 40 574
50 41 606
50 42 975
50 43 591
50 44 383
50 45 576
50 46 713
50 47 710
50 48 641
50 49 797
50 51 583
51 0 294
51 1 174
51 2 526
51 3 869
51 4 713
51 5 309
51 6 943
51 7 115
51 8 971
51 9 812
51 10 927
51 11 583
51 12 210
51 13 621
51 14 916
51 15 658
51 16 716
51 17 311
51 18 439
51 19 675
51 20 553
51 21 126
51 22 1008
51 23 155
51 24 241
51 25 902
51 26 559
51 27 755
51 28 185
51 29 650
51 30 843
51 31 786
51 32 709
51 33 727
51 34 483
51 35 323
51 36 790
51 37 870
51 38 169
51 39 415
51 40 922
51 41 993
51 42 697
51 43 943
51 44 202
51 45 102
51 46 209
51 47 329
51 48 169
51 49 503
51 50 583
