nnodes narcs type
52 2652 digraph
nodename posx posy
0 666 92
1 671 945
2 60 633
3 50 402
4 788 4
5 465 603
6 681 828
7 533 404
8 837 512
9 644 232
10 523 345
11 45 545
12 944 77
13 729 812
14 922 72
15 793 248
16 46 120
17 213 238
18 55 349
19 106 830
20 47 572
21 336 25
22 803 256
23 7 624
24 866 252
25 691 718
26 302 638
27 55 725
28 525 473
29 27 982
30 77 215
31 385 364
32 665 525
33 698 311
34 882 6
35 2 622
36 918 749
37 362 750
38 507 273
39 505 805
40 738 882
41 14 191
42 984 630
43 484 27
44 713 38
45 952 272
46 230 85
47 473 125
48 811 536
49 144 524
50 211 24
51 579 393
tail head weight
0 1 854
0 2 813
0 3 690
0 4 151
0 5 550
0 6 737
0 7 340
0 8 454
0 9 142
0 10 291
0 11 769
0 12 279
0 13 723
0 14 257
0 15 202
0 16 621
0 17 476
0 18 663
0 19 927
0 20 784
0 21 337
0 22 214
0 23 847
0 24 257
0 25 627
0 26 657
0 27 880
0 28 407
0 29 1096
0 30 602
0 31 392
0 32 434
0 33 222
0 34 233
0 35 850
0 36 704
0 37 725
0 38 241
0 39 731
0 40 794
0 41 660
0 42 625
0 43 194
0 44 72
0 45 338
0 46 437
0 47 196
0 48 468
0 49 678
0 50 461
0 51 314
1 0 854
1 2 687
1 3 825
1 4 949
1 5 400
1 6 118
1 7 559
1 8 464
1 9 714
1 10 618
1 11 743
1 12 910
1 13 146
1 14 909
1 15 708
1 16 1036
1 17 843
1 18 858
1 19 577
1 20 727
1 21 980
1 22 702
1 23 738
1 24 720
1 25 228
1 26 481
1 27 655
1 28 495
1 29 646
1 30 942
1 31 648
1 32 421
1 33 635
1 34 963
1 35 743
1 36 316
1 37 366
1 38 692
1 39 218
1 40 92
1 41 1001
1 42 445
1 43 937
1 44 908
1 45 730
1 46 967
1 47 844
1 48 433
1 49 675
1 50 1030
1 51 560
2 0 813
2 1 687
2 3 232
2 4 963
2 5 407
2 6 651
2 7 526
2 8 787
2 9 709
2 10 546
2 11 90
2 12 1045
2 13 693
2 14 1029
2 15 828
2 16 514
2 17 424
2 18 285
2 19 203
2 20 63
2 21 668
2 22 834
2 23 54
2 24 892
2 25 637
2 26 243
2 27 93
2 28 492
2 29 351
2 30 419
2 31 422
2 32 615
2 33 715
2 34 1034
2 35 60
2 36 866
2 37 324
2 38 574
2 39 478
2 40 723
2 41 445
2 42 925
2 43 740
2 44 884
2 45 963
2 46 574
2 47 655
2 48 758
2 49 138
2 50 628
2 51 572
3 0 690
3 1 825
3 2 232
3 4 839
3 5 462
3 6 762
3 7 484
3 8 795
3 9 618
3 10 477
3 11 144
3 12 952
3 13 794
3 14 933
3 15 759
3 16 283
3 17 232
3 18 54
3 19 432
3 20 171
3 21 474
3 22 768
3 23 227
3 24 830
3 25 715
3 26 346
3 27 324
3 28 481
3 29 581
3 30 189
3 31 338
3 32 628
3 33 655
3 34 922
3 35 226
3 36 935
3 37 468
3 38 475
3 39 608
3 40 839
3 41 215
3 42 962
3 43 574
3 44 757
3 45 912
3 46 365
3 47 506
3 48 773
3 49 155
3 50 411
3 51 530
4 0 151
4 1 949
4 2 963
4 3 839
4 5 681
4 6 831
4 7 475
4 8 511
4 9 270
4 10 432
4 11 920
4 12 173
4 13 811
4 14 151
4 15 245
4 16 752
4 17 621
4 18 811
4 19 1072
4 20 934
4 21 453
4 22 253
4 23 998
4 24 260
4 25 721
4 26 799
4 27 1029
4 28 538
4 29 1240
4 30 742
4 31 541
4 32 536
4 33 320
4 34 95
4 35 1000
4 36 757
4 37 860
4 38 390
4 39 850
4 40 880
4 41 797
4 42 656
4 43 305
4 44 83
4 45 315
4 46 564
4 47 338
4 48 533
4 49 828
4 50 578
4 51 442
5 0 550
5 1 400
5 2 407
5 3 462
5 4 681
5 6 312
5 7 211
5 8 383
5 9 412
5 10 265
5 11 424
5 12 712
5 13 337
5 14 701
5 15 484
5 16 640
5 17 444
5 18 483
5 19 425
5 20 420
5 21 593
5 22 485
5 23 459
5 24 533
5 25 254
5 26 167
5 27 428
5 28 144
5 29 580
5 30 549
5 31 253
5 32 215
5 33 374
5 34 729
5 35 464
5 36 476
5 37 180
5 38 333
5 39 206
5 40 391
5 41 611
5 42 520
5 43 577
5 44 618
5 45 589
5 46 569
5 47 479
5 48 353
5 49 331
5 50 633
5 51 239
6 0 737
6 1 118
6 2 651
6 3 762
6 4 831
6 5 312
6 7 450
6 8 353
6 9 598
6 10 509
6 11 697
6 12 796
6 13 51
6 14 794
6 15 591
6 16 952
6 17 754
6 18 789
6 19 576
6 20 684
6 21 874
6 22 585
6 23 705
6 24 605
6 25 111
6 26 424
6 27 635
6 28 388
6 29 672
6 30 861
6 31 551
6 32 304
6 33 518
6 34 847
6 35 710
6 36 250
6 37 329
6 38 582
6 39 178
6 40 79
6 41 923
6 42 362
6 43 825
6 44 791
6 45 619
6 46 870
6 47 734
6 48 320
6 49 618
6 50 932
6 51 447
7 0 340
7 1 559
7 2 526
7 3 484
7 4 475
7 5 211
7 6 450
7 8 323
7 9 205
7 10 60
7 11 508
7 12 526
7 13 453
7 14 512
7 15 304
7 16 564
7 17 361
7 18 482
7 19 604
7 20 515
7 21 428
7 22 308
7 23 571
7 24 367
7 25 352
7 26 329
7 27 576
7 28 70
7 29 769
7 30 494
7 31 154
7 32 180
7 33 190
7 34 530
7 35 575
7 36 517
7 37 386
7 38 134
7 39 402
7 40 521
7 41 562
7 42 505
7 43 381
7 44 408
7 45 440
7 46 440
7 47 286
7 48 308
7 49 408
7 50 499
7 51 48
8 0 454
8 1 464
8 2 787
8 3 795
8 4 511
8 5 383
8 6 353
8 7 323
8 9 341
8 10 356
8 11 793
8 12 448
8 13 319
8 14 449
8 15 268
8 16 883
8 17 682
8 18 799
8 19 798
8 20 793
8 21 699
8 22 259
8 23 838
8 24 262
8 25 253
8 26 550
8 27 811
8 28 315
8 29 937
8 30 816
8 31 476
8 32 173
8 33 245
8 34 508
8 35 843
8 36 251
8 37 532
8 38 408
8 39 443
8 40 384
8 41 884
8 42 189
8 43 600
8 44 490
8 45 267
8 46 743
8 47 532
8 48 36
8 49 694
8 50 794
8 51 285
9 0 142
9 1 714
9 2 709
9 3 618
9 4 270
9 5 412
9 6 598
9 7 205
9 8 341
9 10 166
9 11 676
9 12 338
9 13 587
9 14 321
9 15 150
9 16 609
9 17 432
9 18 601
9 19 805
9 20 688
9 21 372
9 22 161
9 23 748
9 24 223
9 25 489
9 26 531
9 27 769
9 28 269
9 29 972
9 30 568
9 31 291
9 32 294
9 33 96
9 34 329
9 35 752
9 36 586
9 37 590
9 38 144
9 39 590
9 40 657
9 41 632
9 42 524
9 43 261
9 44 206
9 45 311
9 46 440
9 47 202
9 48 347
9 49 580
9 50 481
9 51 174
10 0 291
10 1 618
10 2 546
10 3 477
10 4 432
10 5 265
10 6 509
10 7 60
10 8 356
10 9 166
10 11 519
10 12 500
10 13 511
10 14 484
10 15 287
10 16 528
10 17 328
10 18 469
10 19 640
10 20 528
10 21 371
10 22 294
10 23 587
10 24 356
10 25 410
10 26 368
10 27 603
10 28 129
10 29 808
10 30 465
10 31 140
10 32 230
10 33 179
10 34 494
10 35 591
10 36 566
10 37 436
10 38 74
10 39 461
10 40 579
10 41 532
10 42 542
10 43 321
10 44 362
10 45 436
10 46 392
10 47 226
10 48 346
10 49 420
10 50 448
10 51 74
11 0 769
11 1 743
11 2 90
11 3 144
11 4 920
11 5 424
11 6 697
11 7 508
11 8 793
11 9 676
11 10 519
11 12 1014
11 13 735
11 14 997
11 15 805
11 16 426
11 17 350
11 18 197
11 19 292
11 20 28
11 21 596
11 22 812
11 23 88
11 24 872
11 25 669
11 26 274
11 27 181
11 28 486
11 29 438
11 30 332
11 31 386
11 32 621
11 33 694
11 34 996
11 35 89
11 36 897
11 37 378
11 38 537
11 39 529
11 40 771
11 41 356
11 42 943
11 43 680
11 44 839
11 45 948
11 46 496
11 47 600
11 48 767
11 49 102
11 50 547
11 51 556
12 0 279
12 1 910
12 2 1045
12 3 952
12 4 173
12 5 712
12 6 796
12 7 526
12 8 448
12 9 338
12 10 500
12 11 1014
12 13 766
12 14 23
12 15 229
12 16 900
12 17 749
12 18 930
12 19 1127
12 20 1025
12 21 611
12 22 228
12 23 1085
12 24 192
12 25 690
12 26 853
12 27 1101
12 28 577
12 29 1289
12 30 878
12 31 629
12 32 528
12 33 340
12 34 95
12 35 1089
12 36 673
12 37 890
12 38 479
12 39 851
12 40 831
12 41 937
12 42 555
12 43 463
12 44 235
12 45 196
12 46 715
12 47 474
12 48 478
12 49 917
12 50 735
12 51 483
13 0 723
13 1 146
13 2 693
13 3 794
13 4 811
13 5 337
13 6 51
13 7 453
13 8 319
13 9 587
13 10 511
13 11 735
13 12 766
13 14 765
13 15 568
13 16 973
13 17 772
13 18 818
13 19 624
13 20 723
13 21 880
13 22 561
13 23 747
13 24 577
13 25 102
13 26 462
13 27 680
13 28 396
13 29 723
13 30 885
13 31 565
13 32 295
13 33 502
13 34 821
13 35 752
13 36 200
13 37 373
13 38 583
13 39 225
13 40 71
13 41 948
13 42 314
13 43 823
13 44 775
13 45 585
13 46 882
13 47 734
13 48 288
13 49 653
13 50 944
13 51 446
14 0 257
14 1 909
14 2 1029
14 3 933
14 4 151
14 5 701
14 6 794
14 7 512
14 8 449
14 9 321
14 10 484
14 11 997
14 12 23
14 13 765
14 15 219
14 16 878
14 17 729
14 18 911
14 19 1114
14 20 1008
14 21 588
14 22 220
14 23 1069
14 24 189
14 25 687
14 26 840
14 27 1086
14 28 565
14 29 1277
14 30 858
14 31 612
14 32 521
14 33 328
14 34 78
14 35 1072
14 36 678
14 37 880
14 38 462
14 39 844
14 40 831
14 41 916
14 42 562
14 43 441
14 44 212
14 45 203
14 46 693
14 47 453
14 48 478
14 49 900
14 50 713
14 51 470
15 0 202
15 1 708
15 2 828
15 3 759
15 4 245
15 5 484
15 6 591
15 7 304
15 8 268
15 9 150
15 10 287
15 11 805
15 12 229
15 13 568
15 14 219
15 16 758
15 17 581
15 18 745
15 19 901
15 20 814
15 21 509
15 22 13
15 23 872
15 24 74
15 25 481
15 26 628
15 27 879
15 28 350
15 29 1061
15 30 717
15 31 425
15 32 306
15 33 114
15 34 258
15 35 875
15 36 517
15 37 662
15 38 288
15 39 628
15 40 637
15 41 782
15 42 428
15 43 380
15 44 225
15 45 161
15 46 587
15 47 343
15 48 289
15 49 706
15 50 624
15 51 259
16 0 621
16 1 1036
16 2 514
16 3 283
16 4 752
16 5 640
16 6 952
16 7 564
16 8 883
16 9 609
16 10 528
16 11 426
16 12 900
16 13 973
16 14 878
16 15 758
16 17 205
16 18 230
16 19 713
16 20 453
16 21 306
16 22 770
16 23 506
16 24 831
16 25 880
16 26 578
16 27 606
16 28 596
16 29 863
16 30 100
16 31 418
16 32 740
16 33 680
16 34 844
16 35 504
16 36 1076
16 37 705
16 38 486
16 39 825
16 40 1030
16 41 78
16 42 1068
16 43 448
16 44 673
16 45 919
16 46 188
16 47 428
16 48 871
16 49 416
16 50 191
16 51 599
17 0 476
17 1 843
17 2 424
17 3 232
17 4 621
17 5 444
17 6 754
17 7 361
17 8 682
17 9 432
17 10 328
17 11 350
17 12 749
17 13 772
17 14 729
17 15 581
17 16 205
17 18 194
17 19 602
17 20 373
17 21 246
17 22 591
17 23 438
17 24 654
17 25 678
17 26 410
17 27 512
17 28 391
17 29 767
17 30 138
17 31 214
17 32 536
17 33 491
17 34 709
17 35 439
17 36 871
17 37 534
17 38 297
17 39 638
17 40 831
17 41 205
17 42 865
17 43 344
17 44 539
17 45 740
17 46 154
17 47 284
17 48 669
17 49 295
17 50 215
17 51 398
18 0 663
18 1 858
18 2 285
18 3 54
18 4 811
18 5 483
18 6 789
18 7 482
18 8 799
18 9 601
18 10 469
18 11 197
18 12 930
18 13 818
18 14 911
18 15 745
18 16 230
18 17 194
18 19 484
18 20 224
18 21 429
18 22 754
18 23 280
18 24 817
18 25 736
18 26 381
18 27 376
18 28 487
18 29 634
18 30 136
18 31 331
18 32 635
18 33 645
18 34 896
18 35 279
18 36 952
18 37 506
18 38 459
18 39 641
18 40 867
18 41 164
18 42 971
18 43 537
18 44 728
18 45 901
18 46 317
18 47 475
18 48 779
18 49 197
18 50 361
18 51 526
19 0 927
19 1 577
19 2 203
19 3 432
19 4 1072
19 5 425
19 6 576
19 7 604
19 8 798
19 9 805
19 10 640
19 11 292
19 12 1127
19 13 624
19 14 1114
19 15 901
19 16 713
19 17 602
19 18 484
19 20 265
19 21 838
19 22 903
19 23 229
19 24 955
19 25 596
19 26 275
19 27 117
19 28 551
19 29 172
19 30 616
19 31 544
19 32 637
19 33 788
19 34 1132
19 35 233
19 36 817
19 37 269
19 38 687
19 39 400
19 40 635
19 41 646
19 42 901
19 43 888
19 44 998
19 45 1014
19 46 756
19 47 795
19 48 764
19 49 309
19 50 813
19 51 644
20 0 784
20 1 727
20 2 63
20 3 171
20 4 934
20 5 420
20 6 684
20 7 515
20 8 793
20 9 688
20 10 528
20 11 28
20 12 1025
20 13 723
20 14 1008
20 15 814
20 16 453
20 17 373
20 18 224
20 19 265
20 21 619
20 22 820
20 23 66
20 24 880
20 25 661
20 26 264
20 27 154
20 28 489
20 29 411
20 30 359
20 31 397
20 32 620
20 33 702
20 34 1009
20 35 68
20 36 889
20 37 362
20 38 549
20 39 514
20 40 758
20 41 383
20 42 939
20 43 699
20 44 854
20 45 954
20 46 521
20 47 618
20 48 765
20 49 109
20 50 573
20 51 562
21 0 337
21 1 980
21 2 668
21 3 474
21 4 453
21 5 593
21 6 874
21 7 428
21 8 699
21 9 372
21 10 371
21 11 596
21 12 611
21 13 880
21 14 588
21 15 509
21 16 306
21 17 246
21 18 429
21 19 838
21 20 619
21 22 522
21 23 684
21 24 577
21 25 779
21 26 614
21 27 755
21 28 487
21 29 1006
21 30 322
21 31 343
21 32 599
21 33 462
21 34 547
21 35 685
21 36 929
21 37 726
21 38 302
21 39 799
21 40 947
21 41 363
21 42 887
21 43 149
21 44 378
21 45 664
21 46 122
21 47 170
21 48 698
21 49 535
21 50 126
21 51 441
22 0 214
22 1 702
22 2 834
22 3 768
22 4 253
22 5 485
22 6 585
22 7 308
22 8 259
22 9 161
22 10 294
22 11 812
22 12 228
22 13 561
22 14 220
22 15 13
22 16 770
22 17 591
22 18 754
22 19 903
22 20 820
22 21 522
22 23 877
22 24 64
22 25 476
22 26 631
22 27 883
22 28 353
22 29 1063
22 30 728
22 31 432
22 32 303
22 33 119
22 34 263
22 35 881
22 36 507
22 37 663
22 38 297
22 39 625
22 40 630
22 41 792
22 42 416
22 43 393
22 44 236
22 45 150
22 46 598
22 47 356
22 48 281
22 49 712
22 50 636
22 51 263
23 0 847
23 1 738
23 2 54
23 3 227
23 4 998
23 5 459
23 6 705
23 7 571
23 8 838
23 9 748
23 10 587
23 11 88
23 12 1085
23 13 747
23 14 1069
23 15 872
23 16 506
23 17 438
23 18 280
23 19 229
23 20 66
23 21 684
23 22 877
23 24 937
23 25 691
23 26 296
23 27 112
23 28 540
23 29 359
23 30 415
23 31 459
23 32 666
23 33 759
23 34 1072
23 35 6
23 36 920
23 37 377
23 38 611
23 39 530
23 40 776
23 41 434
23 42 978
23 43 765
23 44 918
23 45 1009
23 46 584
23 47 683
23 48 809
23 49 170
23 50 634
23 51 617
24 0 257
24 1 720
24 2 892
24 3 830
24 4 260
24 5 533
24 6 605
24 7 367
24 8 262
24 9 223
24 10 356
24 11 872
24 12 192
24 13 577
24 14 189
24 15 74
24 16 831
24 17 654
24 18 817
24 19 955
24 20 880
24 21 577
24 22 64
24 23 937
24 25 498
24 26 684
24 27 939
24 28 407
24 29 1113
24 30 790
24 31 494
24 32 340
24 33 179
24 34 247
24 35 940
24 36 500
24 37 709
24 38 360
24 39 661
24 40 643
24 41 855
24 42 396
24 43 444
24 44 264
24 45 89
24 46 658
24 47 414
24 48 290
24 49 772
24 50 694
24 51 320
25 0 627
25 1 228
25 2 637
25 3 715
25 4 721
25 5 254
25 6 111
25 7 352
25 8 253
25 9 489
25 10 410
25 11 669
25 12 690
25 13 102
25 14 687
25 15 481
25 16 880
25 17 678
25 18 736
25 19 596
25 20 661
25 21 779
25 22 476
25 23 691
25 24 498
25 26 398
25 27 637
25 28 296
25 29 715
25 30 794
25 31 468
25 32 195
25 33 408
25 34 738
25 35 696
25 36 230
25 37 331
25 38 482
25 39 206
25 40 171
25 41 858
25 42 306
25 43 722
25 44 681
25 45 517
25 46 784
25 47 632
25 48 218
25 49 581
25 50 844
25 51 344
26 0 657
26 1 481
26 2 243
26 3 346
26 4 799
26 5 167
26 6 424
26 7 329
26 8 550
26 9 531
26 10 368
26 11 274
26 12 853
26 13 462
26 14 840
26 15 628
26 16 578
26 17 410
26 18 381
26 19 275
26 20 264
26 21 614
26 22 631
26 23 296
26 24 684
26 25 398
26 27 262
26 28 278
26 29 441
26 30 480
26 31 287
26 32 381
26 33 514
26 34 858
26 35 301
26 36 626
26 37 128
26 38 419
26 39 263
26 40 500
26 41 532
26 42 683
26 43 638
26 44 728
26 45 746
26 46 558
26 47 541
26 48 520
26 49 195
26 50 621
26 51 370
27 0 880
27 1 655
27 2 93
27 3 324
27 4 1029
27 5 428
27 6 635
27 7 576
27 8 811
27 9 769
27 10 603
27 11 181
27 12 1101
27 13 680
27 14 1086
27 15 879
27 16 606
27 17 512
27 18 376
27 19 117
27 20 154
27 21 755
27 22 883
27 23 112
27 24 939
27 25 637
27 26 262
27 28 534
27 29 259
27 30 511
27 31 490
27 32 642
27 33 765
27 34 1096
27 35 116
27 36 864
27 37 309
27 38 640
27 39 458
27 40 701
27 41 536
27 42 934
27 43 820
27 44 952
27 45 1005
27 46 664
27 47 732
27 48 780
27 49 220
27 50 719
27 51 621
28 0 407
28 1 495
28 2 492
28 3 481
28 4 538
28 5 144
28 6 388
28 7 70
28 8 315
28 9 269
28 10 129
28 11 486
28 12 577
28 13 396
28 14 565
28 15 350
28 16 596
28 17 391
28 18 487
28 19 551
28 20 489
28 21 487
28 22 353
28 23 540
28 24 407
28 25 296
28 26 278
28 27 534
28 29 713
28 30 517
28 31 178
28 32 150
28 33 238
28 34 588
28 35 544
28 36 481
28 37 322
28 38 201
28 39 333
28 40 462
28 41 584
28 42 486
28 43 448
28 44 474
28 45 472
28 46 488
28 47 352
28 48 293
28 49 385
28 50 548
28 51 97
29 0 1096
29 1 646
29 2 351
29 3 581
29 4 1240
29 5 580
29 6 672
29 7 769
29 8 937
29 9 972
29 10 808
29 11 438
29 12 1289
29 13 723
29 14 1277
29 15 1061
29 16 863
29 17 767
29 18 634
29 19 172
29 20 411
29 21 1006
29 22 1063
29 23 359
29 24 1113
29 25 715
29 26 441
29 27 259
29 28 713
29 30 769
29 31 715
29 32 785
29 33 949
29 34 1298
29 35 361
29 36 921
29 37 408
29 38 857
29 39 510
29 40 718
29 41 792
29 42 1020
29 43 1059
29 44 1167
29 45 1167
29 46 920
29 47 967
29 48 902
29 49 473
29 50 976
29 51 808
30 0 602
30 1 942
30 2 419
30 3 189
30 4 742
30 5 549
30 6 861
30 7 494
30 8 816
30 9 568
30 10 465
30 11 332
30 12 878
30 13 885
30 14 858
30 15 717
30 16 100
30 17 138
30 18 136
30 19 616
30 20 359
30 21 322
30 22 728
30 23 415
30 24 790
30 25 794
30 26 480
30 27 511
30 28 517
30 29 769
30 31 343
30 32 665
30 33 629
30 34 832
30 35 414
30 36 997
30 37 607
30 38 434
30 39 729
30 40 940
30 41 68
30 42 998
30 43 449
30 44 661
30 45 877
30 46 201
30 47 407
30 48 802
30 49 317
30 50 234
30 51 533
31 0 392
31 1 648
31 2 422
31 3 338
31 4 541
31 5 253
31 6 551
31 7 154
31 8 476
31 9 291
31 10 140
31 11 386
31 12 629
31 13 565
31 14 612
31 15 425
31 16 418
31 17 214
31 18 331
31 19 544
31 20 397
31 21 343
31 22 432
31 23 459
31 24 494
31 25 468
31 26 287
31 27 490
31 28 178
31 29 715
31 30 343
31 32 323
31 33 318
31 34 613
31 35 462
31 36 658
31 37 387
31 38 153
31 39 458
31 40 627
31 41 410
31 42 656
31 43 352
31 44 463
31 45 575
31 46 320
31 47 255
31 48 460
31 49 290
31 50 382
31 51 197
32 0 434
32 1 421
32 2 615
32 3 628
32 4 536
32 5 215
32 6 304
32 7 180
32 8 173
32 9 294
32 10 230
32 11 621
32 12 528
32 13 295
32 14 521
32 15 306
32 16 740
32 17 536
32 18 635
32 19 637
32 20 620
32 21 599
32 22 303
32 23 666
32 24 340
32 25 195
32 26 381
32 27 642
32 28 150
32 29 785
32 30 665
32 31 323
32 33 217
32 34 563
32 35 671
32 36 338
32 37 378
32 38 298
32 39 323
32 40 365
32 41 732
32 42 336
32 43 530
32 44 490
32 45 383
32 46 619
32 47 444
32 48 147
32 49 522
32 50 677
32 51 158
33 0 222
33 1 635
33 2 715
33 3 655
33 4 320
33 5 374
33 6 518
33 7 190
33 8 245
33 9 96
33 10 179
33 11 694
33 12 340
33 13 502
33 14 328
33 15 114
33 16 680
33 17 491
33 18 645
33 19 788
33 20 702
33 21 462
33 22 119
33 23 759
33 24 179
33 25 408
33 26 514
33 27 765
33 28 238
33 29 949
33 30 629
33 31 318
33 32 217
33 34 357
33 35 763
33 36 491
33 37 553
33 38 195
33 39 531
33 40 573
33 41 695
33 42 429
33 43 356
33 44 274
33 45 257
33 46 520
33 47 292
33 48 252
33 49 594
33 50 566
33 51 145
34 0 233
34 1 963
34 2 1034
34 3 922
34 4 95
34 5 729
34 6 847
34 7 530
34 8 508
34 9 329
34 10 494
34 11 996
34 12 95
34 13 821
34 14 78
34 15 258
34 16 844
34 17 709
34 18 896
34 19 1132
34 20 1009
34 21 547
34 22 263
34 23 1072
34 24 247
34 25 738
34 26 858
34 27 1096
34 28 588
34 29 1298
34 30 832
34 31 613
34 32 563
34 33 357
34 35 1075
34 36 744
34 37 908
34 38 461
34 39 884
34 40 888
34 41 888
34 42 633
34 43 399
34 44 173
34 45 276
34 46 657
34 47 426
34 48 535
34 49 902
34 50 672
34 51 492
35 0 850
35 1 743
35 2 60
35 3 226
35 4 1000
35 5 464
35 6 710
35 7 575
35 8 843
35 9 752
35 10 591
35 11 89
35 12 1089
35 13 752
35 14 1072
35 15 875
35 16 504
35 17 439
35 18 279
35 19 233
35 20 68
35 21 685
35 22 881
35 23 6
35 24 940
35 25 696
35 26 301
35 27 116
35 28 544
35 29 361
35 30 414
35 31 462
35 32 671
35 33 763
35 34 1075
35 36 925
35 37 383
35 38 614
35 39 536
35 40 781
35 41 432
35 42 983
35 43 766
35 44 921
35 45 1013
35 46 584
35 47 685
35 48 814
35 49 173
35 50 634
35 51 621
36 0 704
36 1 316
36 2 866
36 3 935
36 4 757
36 5 476
36 6 250
36 7 517
36 8 251
36 9 586
36 10 566
36 11 897
36 12 673
36 13 200
36 14 678
36 15 517
36 16 1076
36 17 871
36 18 952
36 19 817
36 20 889
36 21 929
36 22 507
36 23 920
36 24 500
36 25 230
36 26 626
36 27 864
36 28 481
36 29 921
36 30 997
36 31 658
36 32 338
36 33 491
36 34 744
36 35 925
36 37 557
36 38 629
36 39 417
36 40 224
36 41 1063
36 42 137
36 43 843
36 44 740
36 45 479
36 46 957
36 47 767
36 48 239
36 49 807
36 50 1013
36 51 492
37 0 725
37 1 366
37 2 324
37 3 468
37 4 860
37 5 180
37 6 329
37 7 386
37 8 532
37 9 590
37 10 436
37 11 378
37 12 890
37 13 373
37 14 880
37 15 662
37 16 705
37 17 534
37 18 506
37 19 269
37 20 362
37 21 726
37 22 663
37 23 377
37 24 709
37 25 331
37 26 128
37 27 309
37 28 322
37 29 408
37 30 607
37 31 387
37 32 378
37 33 553
37 34 908
37 35 383
37 36 557
37 38 499
37 39 154
37 40 399
37 41 659
37 42 634
37 43 734
37 44 794
37 45 760
37 46 678
37 47 635
37 48 498
37 49 315
37 50 742
37 51 418
38 0 241
38 1 692
38 2 574
38 3 475
38 4 390
38 5 333
38 6 582
38 7 134
38 8 408
38 9 144
38 10 74
38 11 537
38 12 479
38 13 583
38 14 462
38 15 288
38 16 486
38 17 297
38 18 459
38 19 687
38 20 549
38 21 302
38 22 297
38 23 611
38 24 360
38 25 482
38 26 419
38 27 640
38 28 201
38 29 857
38 30 434
38 31 153
38 32 298
38 33 195
38 34 461
38 35 614
38 36 629
38 37 499
38 39 533
38 40 652
38 41 500
38 42 596
38 43 248
38 44 313
38 45 446
38 46 335
38 47 152
38 48 402
38 49 442
38 50 387
38 51 140
39 0 731
39 1 218
39 2 478
39 3 608
39 4 850
39 5 206
39 6 178
39 7 402
39 8 443
39 9 590
39 10 461
39 11 529
39 12 851
39 13 225
39 14 844
39 15 628
39 16 825
39 17 638
39 18 641
39 19 400
39 20 514
39 21 799
39 22 625
39 23 530
39 24 661
39 25 206
39 26 263
39 27 458
39 28 333
39 29 510
39 30 729
39 31 458
39 32 323
39 33 531
39 34 884
39 35 536
39 36 417
39 37 154
39 38 533
39 40 246
39 41 787
39 42 510
39 43 779
39 44 795
39 45 696
39 46 771
39 47 681
39 48 408
39 49 458
39 50 835
39 51 419
40 0 794
40 1 92
40 2 723
40 3 839
40 4 880
40 5 391
40 6 79
40 7 521
40 8 384
40 9 657
40 10 579
40 11 771
40 12 831
40 13 71
40 14 831
40 15 637
40 16 1030
40 17 831
40 18 867
40 19 635
40 20 758
40 21 947
40 22 630
40 23 776
40 24 643
40 25 171
40 26 500
40 27 701
40 28 462
40 29 718
40 30 940
40 31 627
40 32 365
40 33 573
40 34 888
40 35 781
40 36 224
40 37 399
40 38 652
40 39 246
40 41 1001
40 42 353
40 43 892
40 44 845
40 45 647
40 46 946
40 47 803
40 48 354
40 49 694
40 50 1007
40 51 515
41 0 660
41 1 1001
41 2 445
41 3 215
41 4 797
41 5 611
41 6 923
41 7 562
41 8 884
41 9 632
41 10 532
41 11 356
41 12 937
41 13 948
41 14 916
41 15 782
41 16 78
41 17 205
41 18 164
41 19 646
41 20 383
41 21 363
41 22 792
41 23 434
41 24 855
41 25 858
41 26 532
41 27 536
41 28 584
41 29 792
41 30 68
41 31 410
41 32 732
41 33 695
41 34 888
41 35 432
41 36 1063
41 37 659
41 38 500
41 39 787
41 40 1001
41 42 1065
41 43 498
41 44 716
41 45 942
41 46 241
41 47 464
41 48 869
41 49 358
41 50 259
41 51 601
42 0 625
42 1 445
42 2 925
42 3 962
42 4 656
42 5 520
42 6 362
42 7 505
42 8 189
42 9 524
42 10 542
42 11 943
42 12 555
42 13 314
42 14 562
42 15 428
42 16 1068
42 17 865
42 18 971
42 19 901
42 20 939
42 21 887
42 22 416
42 23 978
42 24 396
42 25 306
42 26 683
42 27 934
42 28 486
42 29 1020
42 30 998
42 31 656
42 32 336
42 33 429
42 34 633
42 35 983
42 36 137
42 37 634
42 38 596
42 39 510
42 40 353
42 41 1065
42 43 784
42 44 652
42 45 360
42 46 931
42 47 719
42 48 197
42 49 847
42 50 983
42 51 470
43 0 194
43 1 937
43 2 740
43 3 574
43 4 305
43 5 577
43 6 825
43 7 381
43 8 600
43 9 261
43 10 321
43 11 680
43 12 463
43 13 823
43 14 441
43 15 380
43 16 448
43 17 344
43 18 537
43 19 888
43 20 699
43 21 149
43 22 393
43 23 765
43 24 444
43 25 722
43 26 638
43 27 820
43 28 448
43 29 1059
43 30 449
43 31 352
43 32 530
43 33 356
43 34 399
43 35 766
43 36 843
43 37 734
43 38 248
43 39 779
43 40 892
43 41 498
43 42 784
43 44 230
43 45 529
43 46 261
43 47 99
43 48 605
43 49 603
43 50 274
43 51 379
44 0 72
44 1 908
44 2 884
44 3 757
44 4 83
44 5 618
44 6 791
44 7 408
44 8 490
44 9 206
44 10 362
44 11 839
44 12 235
44 13 775
44 14 212
44 15 225
44 16 673
44 17 539
44 18 728
44 19 998
44 20 854
44 21 378
44 22 236
44 23 918
44 24 264
44 25 681
44 26 728
44 27 952
44 28 474
44 29 1167
44 30 661
44 31 463
44 32 490
44 33 274
44 34 173
44 35 921
44 36 740
44 37 794
44 38 313
44 39 795
44 40 845
44 41 716
44 42 652
44 43 230
44 45 335
44 46 486
44 47 256
44 48 508
44 49 749
44 50 503
44 51 380
45 0 338
45 1 730
45 2 963
45 3 912
45 4 315
45 5 589
45 6 619
45 7 440
45 8 267
45 9 311
45 10 436
45 11 948
45 12 196
45 13 585
45 14 203
45 15 161
45 16 919
45 17 740
45 18 901
45 19 1014
45 20 954
45 21 664
45 22 150
45 23 1009
45 24 89
45 25 517
45 26 746
45 27 1005
45 28 472
45 29 1167
45 30 877
45 31 575
45 32 383
45 33 257
45 34 276
45 35 1013
45 36 479
45 37 760
45 38 446
45 39 696
45 40 647
45 41 942
45 42 360
45 43 529
45 44 335
45 46 746
45 47 502
45 48 300
45 49 847
45 50 782
45 51 393
46 0 437
46 1 967
46 2 574
46 3 365
46 4 564
46 5 569
46 6 870
46 7 440
46 8 743
46 9 440
46 10 392
46 11 496
46 12 715
46 13 882
46 14 693
46 15 587
46 16 188
46 17 154
46 18 317
46 19 756
46 20 521
46 21 122
46 22 598
46 23 584
46 24 658
46 25 784
46 26 558
46 27 664
46 28 488
46 29 920
46 30 201
46 31 320
46 32 619
46 33 520
46 34 657
46 35 584
46 36 957
46 37 678
46 38 335
46 39 771
46 40 946
46 41 241
46 42 931
46 43 261
46 44 486
46 45 746
46 47 247
46 48 736
46 49 448
46 50 64
46 51 466
47 0 196
47 1 844
47 2 655
47 3 506
47 4 338
47 5 479
47 6 734
47 7 286
47 8 532
47 9 202
47 10 226
47 11 600
47 12 474
47 13 734
47 14 453
47 15 343
47 16 428
47 17 284
47 18 475
47 19 795
47 20 618
47 21 170
47 22 356
47 23 683
47 24 414
47 25 632
47 26 541
47 27 732
47 28 352
47 29 967
47 30 407
47 31 255
47 32 444
47 33 292
47 34 426
47 35 685
47 36 767
47 37 635
47 38 152
47 39 681
47 40 803
47 41 464
47 42 719
47 43 99
47 44 256
47 45 502
47 46 247
47 48 533
47 49 518
47 50 281
47 51 289
48 0 468
48 1 433
48 2 758
48 3 773
48 4 533
48 5 353
48 6 320
48 7 308
48 8 36
48 9 347
48 10 346
48 11 767
48 12 478
48 13 288
48 14 478
48 15 289
48 16 871
48 17 669
48 18 779
48 19 764
48 20 765
48 21 698
48 22 281
48 23 809
48 24 290
48 25 218
48 26 520
48 27 780
48 28 293
48 29 902
48 30 802
48 31 460
48 32 147
48 33 252
48 34 535
48 35 814
48 36 239
48 37 498
48 38 402
48 39 408
48 40 354
48 41 869
48 42 197
48 43 605
48 44 508
48 45 300
48 46 736
48 47 533
48 49 668
48 50 789
48 51 273
49 0 678
49 1 675
49 2 138
49 3 155
49 4 828
49 5 331
49 6 618
49 7 408
49 8 694
49 9 580
49 10 420
49 11 102
49 12 917
49 13 653
49 14 900
49 15 706
49 16 416
49 17 295
49 18 197
49 19 309
49 20 109
49 21 535
49 22 712
49 23 170
49 24 772
49 25 581
49 26 195
49 27 220
49 28 385
49 29 473
49 30 317
49 31 290
49 32 522
49 33 594
49 34 902
49 35 173
49 36 807
49 37 315
49 38 442
49 39 458
49 40 694
49 41 358
49 42 847
49 43 603
49 44 749
49 45 847
49 46 448
49 47 518
49 48 668
49 50 505
49 51 455
50 0 461
50 1 1030
50 2 628
50 3 411
50 4 578
50 5 633
50 6 932
50 7 499
50 8 794
50 9 481
50 10 448
50 11 547
50 12 735
50 13 944
50 14 713
50 15 624
50 16 191
50 17 215
50 18 361
50 19 813
50 20 573
50 21 126
50 22 636
50 23 634
50 24 694
50 25 844
50 26 621
50 27 719
50 28 548
50 29 976
50 30 234
50 31 382
50 32 677
50 33 566
50 34 672
50 35 634
50 36 1013
50 37 742
50 38 387
50 39 835
50 40 1007
50 41 259
50 42 983
50 43 274
50 44 503
50 45 782
50 46 64
50 47 281
50 48 789
50 49 505
50 51 522
51 0 314
51 1 560
51 2 572
51 3 530
51 4 442
51 5 239
51 6 447
51 7 48
51 8 285
51 9 174
51 10 74
51 11 556
51 12 483
51 13 446
51 14 470
51 15 259
51 16 599
51 17 398
51 18 526
51 19 644
51 20 562
51 21 441
51 22 263
51 23 617
51 24 320
51 25 344
51 26 370
51 27 621
51 28 97
51 29 808
51 30 533
51 31 197
51 32 158
51 33 145
51 34 492
51 35 621
51 36 492
51 37 418
51 38 140
51 39 419
51 40 515
51 41 601
51 42 470
51 43 379
51 44 380
51 45 393
51 46 466
51 47 289
51 48 273
51 49 455
51 50 522
