nnodes narcs type
102 10302 digraph
nodename posx posy
0 725 778
1 406 768
2 813 612
3 404 345
4 621 419
5 181 982
6 824 0
7 830 949
8 566 370
9 935 910
10 660 430
11 968 308
12 136 201
13 435 312
14 116 665
15 936 802
16 574 243
17 536 601
18 74 805
19 385 902
20 209 474
21 417 346
22 528 639
23 938 954
24 875 762
25 178 181
26 663 24
27 966 179
28 709 500
29 855 160
30 176 284
31 62 661
32 665 155
33 881 468
34 48 966
35 848 83
36 360 688
37 147 629
38 341 475
39 62 700
40 359 560
41 326 768
42 735 140
43 989 214
44 434 890
45 951 722
46 317 31
47 669 284
48 304 428
49 476 285
50 143 423
51 18 17
52 768 589
53 370 174
54 193 501
55 987 112
56 113 221
57 677 946
58 830 643
59 896 263
60 924 54
61 870 642
62 799 777
63 457 978
64 877 161
65 379 992
66 86 54
67 475 799
68 177 390
69 348 7
70 832 312
71 758 834
72 983 982
73 442 766
74 327 53
75 760 238
76 228 578
77 50 608
78 603 263
79 417 802
80 95 87
81 77 287
82 119 813
83 490 911
84 451 499
85 164 181
86 468 909
87 734 822
88 943 977
89 6 329
90 774 672
91 150 84
92 146 623
93 380 914
94 547 284
95 699 81
96 513 896
97 814 708
98 915 522
99 745 385
100 706 470
101 118 395
tail head weight
0 1 320
0 2 188
0 3 540
0 4 374
0 5 581
0 6 785
0 7 201
0 8 438
0 9 249
0 10 355
0 11 530
0 12 825
0 13 549
0 14 620
0 15 213
0 16 556
0 17 259
0 18 652
0 19 362
0 20 599
0 21 531
0 22 242
0 23 277
0 24 151
0 25 810
0 26 757
0 27 646
0 28 279
0 29 632
0 30 739
0 31 674
0 32 626
0 33 348
0 34 703
0 35 706
0 36 376
0 37 597
0 38 490
0 39 668
0 40 427
0 41 400
0 42 639
0 43 623
0 44 312
0 45 233
0 46 852
0 47 498
0 48 548
0 49 553
0 50 682
0 51 1039
0 52 194
0 53 701
0 54 600
0 55 716
0 56 828
0 57 175
0 58 172
0 59 543
0 60 751
0 61 199
0 62 75
0 63 335
0 64 636
0 65 407
0 66 966
0 67 251
0 68 672
0 69 859
0 70 479
0 71 65
0 72 329
0 73 284
0 74 828
0 75 542
0 76 536
0 77 697
0 78 530
0 79 309
0 80 936
0 81 814
0 82 608
0 83 271
0 84 392
0 85 820
0 86 289
0 87 45
0 88 296
0 89 848
0 90 117
0 91 902
0 92 600
0 93 371
0 94 526
0 95 698
0 96 243
0 97 114
0 98 319
0 99 394
0 100 309
0 101 718
1 0 320
1 2 436
1 3 424
1 4 410
1 5 311
1 6 875
1 7 462
1 8 429
1 9 548
1 10 423
1 11 727
1 12 629
1 13 457
1 14 308
1 15 532
1 16 552
1 17 212
1 18 335
1 19 136
1 20 354
1 21 423
1 22 178
1 23 564
1 24 470
1 25 630
1 26 788
1 27 813
1 28 405
1 29 756
1 30 536
1 31 361
1 32 666
1 33 562
1 34 410
1 35 816
1 36 93
1 37 294
1 38 301
1 39 351
1 40 214
1 41 80
1 42 709
1 43 805
1 44 126
1 45 547
1 46 743
1 47 551
1 48 355
1 49 489
1 50 434
1 51 846
1 52 404
1 53 596
1 54 342
1 55 877
1 56 621
1 57 325
1 58 443
1 59 704
1 60 883
1 61 481
1 62 394
1 63 217
1 64 769
1 65 226
1 66 783
1 67 76
1 68 442
1 69 764
1 70 625
1 71 359
1 72 616
1 73 37
1 74 720
1 75 638
1 76 261
1 77 391
1 78 543
1 79 36
1 80 749
1 81 583
1 82 291
1 83 166
1 84 273
1 85 635
1 86 155
1 87 333
1 88 577
1 89 594
1 90 381
1 91 731
1 92 298
1 93 149
1 94 505
1 95 747
1 96 167
1 97 413
1 98 566
1 99 512
1 100 423
1 101 472
2 0 188
2 1 436
2 3 489
2 4 273
2 5 733
2 6 613
2 7 338
2 8 346
2 9 323
2 10 238
2 11 342
2 12 792
2 13 483
2 14 700
2 15 227
2 16 440
2 17 278
2 18 764
2 19 517
2 20 620
2 21 478
2 22 287
2 23 365
2 24 163
2 25 768
2 26 607
2 27 460
2 28 153
2 29 454
2 30 717
2 31 753
2 32 481
2 33 160
2 34 843
2 35 531
2 36 460
2 37 667
2 38 492
2 39 757
2 40 457
2 41 512
2 42 479
2 43 436
2 44 471
2 45 177
2 46 764
2 47 359
2 48 542
2 49 470
2 50 697
2 51 994
2 52 51
2 53 623
2 54 630
2 55 530
2 56 802
2 57 361
2 58 36
2 59 359
2 60 569
2 61 65
2 62 166
2 63 511
2 64 456
2 65 577
2 66 917
2 67 387
2 68 674
2 69 764
2 70 301
2 71 229
2 72 408
2 73 402
2 74 741
2 75 378
2 76 586
2 77 764
2 78 408
2 79 440
2 80 890
2 81 805
2 82 723
2 83 441
2 84 380
2 85 780
2 86 456
2 87 225
2 88 388
2 89 856
2 90 72
2 91 848
2 92 668
2 93 528
2 94 423
2 95 544
2 96 414
2 97 97
2 98 137
2 99 237
2 100 178
2 101 729
3 0 540
3 1 424
3 2 489
3 4 230
3 5 675
3 6 544
3 7 740
3 8 164
3 9 776
3 10 270
3 11 566
3 12 305
3 13 46
3 14 431
3 15 702
3 16 199
3 17 289
3 18 567
3 19 558
3 20 234
3 21 14
3 22 320
3 23 810
3 24 630
3 25 280
3 26 413
3 27 587
3 28 343
3 29 488
3 30 237
3 31 466
3 32 323
3 33 493
3 34 716
3 35 516
3 36 346
3 37 384
3 38 145
3 39 493
3 40 220
3 41 431
3 42 390
3 43 600
3 44 546
3 45 665
3 46 326
3 47 272
3 48 130
3 49 94
3 50 273
3 51 507
3 52 439
3 53 175
3 54 263
3 55 628
3 56 317
3 57 661
3 58 520
3 59 499
3 60 596
3 61 553
3 62 586
3 63 636
3 64 508
3 65 648
3 66 432
3 67 460
3 68 232
3 69 343
3 70 430
3 71 604
3 72 861
3 73 423
3 74 302
3 75 372
3 76 293
3 77 442
3 78 216
3 79 458
3 80 403
3 81 333
3 82 548
3 83 573
3 84 162
3 85 291
3 86 568
3 87 581
3 88 831
3 89 399
3 90 494
3 91 365
3 92 380
3 93 570
3 94 156
3 95 396
3 96 562
3 97 548
3 98 541
3 99 344
3 100 327
3 101 291
4 0 374
4 1 410
4 2 273
4 3 230
4 5 715
4 6 466
4 7 570
4 8 74
4 9 583
4 10 41
4 11 365
4 12 532
4 13 215
4 14 562
4 15 496
4 16 183
4 17 201
4 18 670
4 19 538
4 20 416
4 21 217
4 22 239
4 23 622
4 24 427
4 25 503
4 26 398
4 27 421
4 28 120
4 29 350
4 30 466
4 31 610
4 32 268
4 33 265
4 34 793
4 35 406
4 36 375
4 37 519
4 38 286
4 39 626
4 40 298
4 41 457
4 42 302
4 43 422
4 44 507
4 45 449
4 46 493
4 47 144
4 48 318
4 49 198
4 50 479
4 51 725
4 52 225
4 53 351
4 54 436
4 55 478
4 56 546
4 57 530
4 58 307
4 59 317
4 60 475
4 61 335
4 62 400
4 63 583
4 64 364
4 65 623
4 66 648
4 67 408
4 68 445
4 69 495
4 70 237
4 71 438
4 72 670
4 73 391
4 74 470
4 75 229
4 76 424
4 77 602
4 78 158
4 79 434
4 80 623
4 81 560
4 82 639
4 83 510
4 84 188
4 85 516
4 86 514
4 87 419
4 88 645
4 89 622
4 90 296
4 91 578
4 92 517
4 93 551
4 94 154
4 95 347
4 96 490
4 97 348
4 98 312
4 99 129
4 100 100
4 101 504
5 0 581
5 1 311
5 2 733
5 3 675
5 4 715
5 6 1174
5 7 650
5 8 724
5 9 758
5 10 731
5 11 1037
5 12 783
5 13 717
5 14 324
5 15 777
5 16 838
5 17 521
5 18 207
5 19 220
5 20 509
5 21 679
5 22 488
5 23 758
5 24 729
5 25 802
5 26 1073
5 27 1123
5 28 715
5 29 1063
5 30 699
5 31 343
5 32 959
5 33 869
5 34 134
5 35 1120
5 36 345
5 37 355
5 38 532
5 39 307
5 40 459
5 41 259
5 42 1008
5 43 1115
5 44 270
5 45 813
5 46 961
5 47 852
5 48 568
5 49 757
5 50 561
5 51 979
5 52 707
5 53 830
5 54 482
5 55 1186
5 56 765
5 57 498
5 58 733
5 59 1014
5 60 1189
5 61 769
5 62 652
5 63 277
5 64 1077
5 65 199
5 66 933
5 67 347
5 68 593
5 69 990
5 70 935
5 71 596
5 72 802
5 73 339
5 74 941
5 75 943
5 76 407
5 77 397
5 78 834
5 79 297
5 80 900
5 81 703
5 82 181
5 83 318
5 84 554
5 85 802
5 86 297
5 87 576
5 88 763
5 89 677
5 90 670
5 91 899
5 92 361
5 93 211
5 94 789
5 95 1040
5 96 343
5 97 690
5 98 867
5 99 822
5 100 734
5 101 591
6 0 785
6 1 875
6 2 613
6 3 544
6 4 466
6 5 1174
6 7 950
6 8 452
6 9 917
6 10 461
6 11 340
6 12 717
6 13 499
6 14 972
6 15 810
6 16 349
6 17 667
6 18 1101
6 19 1004
6 20 777
6 21 535
6 22 705
6 23 961
6 24 764
6 25 671
6 26 163
6 27 229
6 28 514
6 29 163
6 30 708
6 31 1009
6 32 223
6 33 472
6 34 1240
6 35 87
6 36 830
6 37 925
6 38 678
6 39 1035
6 40 728
6 41 916
6 42 166
6 43 271
6 44 972
6 45 734
6 46 508
6 47 324
6 48 674
6 49 450
6 50 802
6 51 807
6 52 592
6 53 487
6 54 806
6 55 198
6 56 745
6 57 958
6 58 644
6 59 273
6 60 114
6 61 644
6 62 778
6 63 1045
6 64 170
6 65 1088
6 66 740
6 67 872
6 68 756
6 69 477
6 70 313
6 71 837
6 72 995
6 73 856
6 74 500
6 75 247
6 76 831
6 77 985
6 78 344
6 79 900
6 80 735
6 81 801
6 82 1077
6 83 971
6 84 624
6 85 685
6 86 977
6 87 827
6 88 985
6 89 882
6 90 674
6 91 680
6 92 921
6 93 1017
6 94 397
6 95 149
6 96 949
6 97 709
6 98 530
6 99 394
6 100 485
6 101 809
7 0 201
7 1 462
7 2 338
7 3 740
7 4 570
7 5 650
7 6 950
7 8 637
7 9 113
7 10 547
7 11 656
7 12 1021
7 13 750
7 14 769
7 15 182
7 16 751
7 17 456
7 18 770
7 19 448
7 20 782
7 21 731
7 22 433
7 23 109
7 24 193
7 25 1008
7 26 940
7 27 782
7 28 466
7 29 790
7 30 933
7 31 821
7 32 811
7 33 484
7 34 783
7 35 867
7 36 538
7 37 755
7 38 682
7 39 808
7 40 611
7 41 536
7 42 815
7 43 753
7 44 401
7 45 258
7 46 1052
7 47 685
7 48 741
7 49 753
7 50 866
7 51 1237
7 52 366
7 53 902
7 54 779
7 55 852
7 56 1022
7 57 154
7 58 306
7 59 690
7 60 900
7 61 310
7 62 175
7 63 375
7 64 790
7 65 454
7 66 1164
7 67 386
7 68 860
7 69 1059
7 70 638
7 71 136
7 72 157
7 73 429
7 74 1028
7 75 715
7 76 708
7 77 852
7 78 723
7 79 439
7 80 1133
7 81 1003
7 82 724
7 83 343
7 84 589
7 85 1017
7 86 365
7 87 160
7 88 117
7 89 1032
7 90 283
7 91 1101
7 92 758
7 93 452
7 94 723
7 95 878
7 96 322
7 97 242
7 98 436
7 99 571
7 100 495
7 101 903
8 0 438
8 1 429
8 2 346
8 3 164
8 4 74
8 5 724
8 6 452
8 7 637
8 9 655
8 10 112
8 11 407
8 12 463
8 13 144
8 14 539
8 15 569
8 16 128
8 17 233
8 18 657
8 19 562
8 20 372
8 21 151
8 22 272
8 23 693
8 24 500
8 25 432
8 26 360
8 27 444
8 28 194
8 29 358
8 30 400
8 31 582
8 32 237
8 33 330
8 34 790
8 35 403
8 36 379
8 37 493
8 38 249
8 39 603
8 40 281
8 41 465
8 42 286
8 43 451
8 44 537
8 45 522
8 46 421
8 47 135
8 48 269
8 49 124
8 50 427
8 51 652
8 52 298
8 53 278
8 54 396
8 55 494
8 56 477
8 57 587
8 58 380
8 59 347
8 60 478
8 61 408
8 62 469
8 63 618
8 64 375
8 65 650
8 66 575
8 67 439
8 68 390
8 69 424
8 70 273
8 71 503
8 72 741
8 73 415
8 74 398
8 75 235
8 76 397
8 77 569
8 78 114
8 79 457
8 80 550
8 81 496
8 82 630
8 83 547
8 84 173
8 85 445
8 86 548
8 87 483
8 88 715
8 89 562
8 90 367
8 91 505
8 92 491
8 93 575
8 94 89
8 95 319
8 96 529
8 97 420
8 98 381
8 99 180
8 100 173
8 101 449
9 0 249
9 1 548
9 2 323
9 3 776
9 4 583
9 5 758
9 6 917
9 7 113
9 8 655
9 10 554
9 11 603
9 12 1069
9 13 780
9 14 855
9 15 109
9 16 759
9 17 505
9 18 868
9 19 551
9 20 847
9 21 766
9 22 489
9 23 45
9 24 160
9 25 1051
9 26 927
9 27 732
9 28 469
9 29 755
9 30 984
9 31 908
9 32 802
9 33 446
9 34 889
9 35 832
9 36 617
9 37 837
9 38 737
9 39 898
9 40 674
9 41 626
9 42 796
9 43 699
9 44 502
9 45 189
9 46 1075
9 47 681
9 48 795
9 49 776
9 50 930
9 51 1280
9 52 362
9 53 928
9 54 848
9 55 800
9 56 1073
9 57 261
9 58 287
9 59 649
9 60 857
9 61 276
9 62 191
9 63 483
9 64 752
9 65 563
9 66 1206
9 67 474
9 68 920
9 69 1078
9 70 607
9 71 193
9 72 87
9 73 514
9 74 1051
9 75 695
9 76 782
9 77 936
9 78 728
9 79 530
9 80 1176
9 81 1061
9 82 822
9 83 446
9 84 635
9 85 1062
9 86 468
9 87 220
9 88 68
9 89 1096
9 90 288
9 91 1140
9 92 840
9 93 556
9 94 737
9 95 862
9 96 423
9 97 236
9 98 389
9 99 559
9 100 497
9 101 966
10 0 355
10 1 423
10 2 238
10 3 270
10 4 41
10 5 731
10 6 461
10 7 547
10 8 112
10 9 554
10 11 332
10 12 572
10 13 255
10 14 593
10 15 464
10 16 206
10 17 212
10 18 696
10 19 547
10 20 454
10 21 258
10 22 248
10 23 594
10 24 396
10 25 543
10 26 407
10 27 396
10 28 86
10 29 334
10 30 506
10 31 642
10 32 276
10 33 225
10 34 814
10 35 395
10 36 396
10 37 551
10 38 323
10 39 657
10 40 328
10 41 476
10 42 300
10 43 394
10 44 513
10 45 413
10 46 527
10 47 147
10 48 357
10 49 235
10 50 518
10 51 764
10 52 193
10 53 387
10 54 473
10 55 457
10 56 586
10 57 517
10 58 273
10 59 290
10 60 460
10 61 299
10 62 374
10 63 585
10 64 346
10 65 629
10 66 687
10 67 413
10 68 485
10 69 526
10 70 209
10 71 416
10 72 640
10 73 401
10 74 504
10 75 217
10 76 457
10 77 636
10 78 177
10 79 445
10 80 661
10 81 601
10 82 663
10 83 511
10 84 221
10 85 555
10 86 517
10 87 399
10 88 616
10 89 662
10 90 268
10 91 617
10 92 550
10 93 560
10 94 185
10 95 352
10 96 489
10 97 318
10 98 272
10 99 97
10 100 61
10 101 544
11 0 530
11 1 727
11 2 342
11 3 566
11 4 365
11 5 1037
11 6 340
11 7 656
11 8 407
11 9 603
11 10 332
11 12 839
11 13 534
11 14 924
11 15 496
11 16 400
11 17 522
11 18 1023
11 19 833
11 20 777
11 21 553
11 22 551
11 23 647
11 24 464
11 25 801
11 26 417
11 27 130
11 28 323
11 29 187
11 30 793
11 31 973
11 32 340
11 33 183
11 34 1132
11 35 255
11 36 717
11 37 882
11 38 649
11 39 988
11 40 660
11 41 790
11 42 288
11 43 97
11 44 790
11 45 415
11 46 708
11 47 300
11 48 675
11 49 493
11 50 833
11 51 994
11 52 345
11 53 613
11 54 799
11 55 197
11 56 860
11 57 702
11 58 363
11 59 85
11 60 258
11 61 349
11 62 499
11 63 843
11 64 173
11 65 903
11 66 918
11 67 696
11 68 796
11 69 690
11 70 137
11 71 567
11 72 675
11 73 698
11 74 690
11 75 220
11 76 788
11 77 966
11 78 368
11 79 741
11 80 901
11 81 892
11 82 988
11 83 770
11 84 552
11 85 814
11 86 782
11 87 565
11 88 670
11 89 963
11 90 413
11 91 849
11 92 881
11 93 845
11 94 422
11 95 352
11 96 744
11 97 429
11 98 221
11 99 236
11 100 309
11 101 855
12 0 825
12 1 629
12 2 792
12 3 305
12 4 532
12 5 783
12 6 717
12 7 1021
12 8 463
12 9 1069
12 10 572
12 11 839
12 13 319
12 14 465
12 15 1001
12 16 441
12 17 566
12 18 608
12 19 744
12 20 283
12 21 317
12 22 588
12 23 1101
12 24 928
12 25 47
12 26 556
12 27 831
12 28 647
12 29 721
12 30 93
12 31 466
12 32 531
12 33 792
12 34 771
12 35 722
12 36 537
12 37 429
12 38 343
12 39 505
12 40 423
12 41 598
12 42 603
12 43 854
12 44 751
12 45 968
12 46 249
12 47 540
12 48 283
12 49 351
12 50 223
12 51 219
12 52 742
12 53 236
12 54 306
12 55 856
12 56 31
12 57 921
12 58 823
12 59 763
12 60 802
12 61 857
12 62 879
12 63 841
12 64 743
12 65 828
12 66 156
12 67 688
12 68 194
12 69 288
12 70 705
12 71 888
12 72 1153
12 73 643
12 74 242
12 75 626
12 76 389
12 77 416
12 78 472
12 79 664
12 80 122
12 81 105
12 82 613
12 83 794
12 84 434
12 85 35
12 86 782
12 87 863
12 88 1120
12 89 183
12 90 794
12 91 118
12 92 423
12 93 754
12 94 420
12 95 576
12 96 791
12 97 847
12 98 843
12 99 637
12 100 631
12 101 195
13 0 549
13 1 457
13 2 483
13 3 46
13 4 215
13 5 717
13 6 499
13 7 750
13 8 144
13 9 780
13 10 255
13 11 534
13 12 319
13 14 476
13 15 701
13 16 156
13 17 307
13 18 612
13 19 593
13 20 279
13 21 39
13 22 340
13 23 816
13 24 630
13 25 289
13 26 368
13 27 548
13 28 333
13 29 447
13 30 261
13 31 511
13 32 279
13 33 473
13 34 760
13 35 473
13 36 384
13 37 429
13 38 189
13 39 539
13 40 260
13 41 469
13 42 346
13 43 563
13 44 579
13 45 660
13 46 305
13 47 236
13 48 175
13 49 50
13 50 313
13 51 511
13 52 434
13 53 153
13 54 308
13 55 588
13 56 335
13 57 679
13 58 516
13 59 464
13 60 553
13 61 547
13 62 591
13 63 667
13 64 468
13 65 683
13 66 435
13 67 489
13 68 270
13 69 318
13 70 397
13 71 614
13 72 866
13 73 455
13 74 281
13 75 334
13 76 338
13 77 486
13 78 175
13 79 491
13 80 408
13 81 359
13 82 593
13 83 602
13 84 188
13 85 302
13 86 598
13 87 592
13 88 837
13 89 430
13 90 495
13 91 365
13 92 425
13 93 605
13 94 116
13 95 351
13 96 590
13 97 549
13 98 524
13 99 319
13 100 314
13 101 328
14 0 620
14 1 308
14 2 700
14 3 431
14 4 562
14 5 324
14 6 972
14 7 769
14 8 539
14 9 855
14 10 593
14 11 924
14 12 465
14 13 476
14 15 832
14 16 623
14 17 425
14 18 147
14 19 359
14 20 213
14 21 439
14 22 413
14 23 872
14 24 766
14 25 488
14 26 843
14 27 980
14 28 616
14 29 896
14 30 386
14 31 55
14 32 750
14 33 790
14 34 309
14 35 936
14 36 246
14 37 48
14 38 295
14 39 65
14 40 265
14 41 234
14 42 812
14 43 983
14 44 390
14 45 837
14 46 666
14 47 672
14 48 303
14 49 524
14 50 244
14 51 656
14 52 657
14 53 553
14 54 182
14 55 1032
14 56 445
14 57 628
14 58 715
14 59 878
14 60 1014
14 61 755
14 62 693
14 63 463
14 64 913
14 65 420
14 66 612
14 67 384
14 68 282
14 69 698
14 70 799
14 71 664
14 72 924
14 73 342
14 74 648
14 75 773
14 76 142
14 77 88
14 78 632
14 79 331
14 80 579
14 81 381
14 82 149
14 83 448
14 84 374
14 85 487
14 86 429
14 87 638
14 88 884
14 89 354
14 90 659
14 91 582
14 92 52
14 93 363
14 94 576
14 95 826
14 96 460
14 97 700
14 98 812
14 99 689
14 100 622
14 101 271
15 0 213
15 1 532
15 2 227
15 3 702
15 4 496
15 5 777
15 6 810
15 7 182
15 8 569
15 9 109
15 10 464
15 11 496
15 12 1001
15 13 701
15 14 832
15 16 666
15 17 448
15 18 863
15 19 561
15 20 798
15 21 691
15 22 440
15 23 153
15 24 73
15 25 980
15 26 825
15 27 624
15 28 378
15 29 648
15 30 920
15 31 886
15 32 702
15 33 339
15 34 904
15 35 725
15 36 588
15 37 808
15 38 679
15 39 880
15 40 626
15 41 611
15 42 692
15 43 591
15 44 510
15 45 82
15 46 989
15 47 583
15 48 735
15 49 693
15 50 879
15 51 1208
15 52 272
15 53 846
15 54 802
15 55 692
15 56 1008
15 57 297
15 58 192
15 59 541
15 60 749
15 61 174
15 62 140
15 63 511
15 64 644
15 65 589
15 66 1133
15 67 462
15 68 864
15 69 989
15 70 501
15 71 181
15 72 187
15 73 496
15 74 966
15 75 591
15 76 743
15 77 907
15 78 634
15 79 519
15 80 1104
15 81 1002
15 82 818
15 83 460
15 84 572
15 85 991
15 86 481
15 87 203
15 88 176
15 89 1044
15 90 208
15 91 1065
15 92 811
15 93 568
15 94 648
15 95 759
15 96 434
15 97 155
15 98 281
15 99 459
15 100 404
15 101 914
16 0 556
16 1 552
16 2 440
16 3 199
16 4 183
16 5 838
16 6 349
16 7 751
16 8 128
16 9 759
16 10 206
16 11 400
16 12 441
16 13 156
16 14 623
16 15 666
16 17 361
16 18 753
16 19 686
16 20 432
16 21 188
16 22 399
16 23 799
16 24 600
16 25 401
16 26 237
16 27 398
16 28 291
16 29 294
16 30 401
16 31 661
16 32 127
16 33 381
16 34 895
16 35 318
16 36 494
16 37 576
16 38 329
16 39 687
16 40 384
16 41 581
16 42 192
16 43 417
16 44 662
16 45 610
16 46 334
16 47 104
16 48 328
16 49 107
16 50 468
16 51 601
16 52 397
16 53 216
16 54 461
16 55 434
16 56 462
16 57 711
16 58 475
16 59 323
16 60 398
16 61 497
16 62 580
16 63 745
16 64 314
16 65 774
16 66 524
16 67 565
16 68 424
16 69 327
16 70 268
16 71 619
16 72 845
16 73 540
16 74 312
16 75 187
16 76 482
16 77 639
16 78 36
16 79 581
16 80 504
16 81 499
16 82 730
16 83 674
16 84 285
16 85 415
16 86 675
16 87 601
16 88 822
16 89 575
16 90 474
16 91 453
16 92 573
16 93 699
16 94 50
16 95 205
16 96 656
16 97 524
16 98 441
16 99 223
16 100 263
16 101 481
17 0 259
17 1 212
17 2 278
17 3 289
17 4 201
17 5 521
17 6 667
17 7 456
17 8 233
17 9 505
17 10 212
17 11 522
17 12 566
17 13 307
17 14 425
17 15 448
17 16 361
17 18 506
17 19 337
17 20 351
17 21 282
17 22 39
17 23 535
17 24 376
17 25 552
17 26 591
17 27 603
17 28 201
17 29 545
17 30 480
17 31 478
17 32 465
17 33 370
17 34 610
17 35 605
17 36 197
17 37 391
17 38 233
17 39 485
17 40 182
17 41 269
17 42 503
17 43 596
17 44 307
17 45 433
17 46 611
17 47 344
17 48 290
17 49 322
17 50 432
17 51 781
17 52 233
17 53 459
17 54 358
17 55 666
17 56 569
17 57 373
17 58 297
17 59 494
17 60 671
17 61 337
17 62 317
17 63 386
17 64 557
17 65 422
17 66 709
17 67 208
17 68 417
17 69 624
17 70 414
17 71 322
17 72 588
17 73 190
17 74 587
17 75 427
17 76 309
17 77 487
17 78 345
17 79 234
17 80 678
17 81 557
17 82 468
17 83 314
17 84 133
17 85 562
17 86 316
17 87 297
17 88 555
17 89 596
17 90 249
17 91 646
17 92 391
17 93 350
17 94 318
17 95 545
17 96 296
17 97 298
17 98 388
17 99 301
17 100 215
17 101 467
18 0 652
18 1 335
18 2 764
18 3 567
18 4 670
18 5 207
18 6 1101
18 7 770
18 8 657
18 9 868
18 10 696
18 11 1023
18 12 608
18 13 612
18 14 147
18 15 863
18 16 753
18 17 506
18 19 326
18 20 358
18 21 574
18 22 484
18 23 877
18 24 803
18 25 633
18 26 979
18 27 1090
18 28 705
18 29 1013
18 30 531
18 31 145
18 32 879
18 33 875
18 34 164
18 35 1059
18 36 310
18 37 191
18 38 425
18 39 106
18 40 376
18 41 255
18 42 938
18 43 1090
18 44 370
18 45 881
18 46 812
18 47 791
18 48 442
18 49 658
18 50 389
18 51 790
18 52 727
18 53 697
18 54 327
18 55 1147
18 56 586
18 57 620
18 58 774
18 59 985
18 60 1135
18 61 813
18 62 726
18 63 421
18 64 1030
18 65 358
18 66 752
18 67 402
18 68 428
18 69 844
18 70 905
18 71 685
18 72 927
18 73 371
18 74 794
18 75 890
18 76 275
18 77 199
18 78 758
18 79 344
18 80 719
18 81 519
18 82 46
18 83 430
18 84 486
18 85 631
18 86 408
18 87 661
18 88 886
18 89 481
18 90 713
18 91 725
18 92 196
18 93 325
18 94 704
18 95 957
18 96 449
18 97 747
18 98 888
18 99 792
18 100 716
18 101 413
19 0 362
19 1 136
19 2 517
19 3 558
19 4 538
19 5 220
19 6 1004
19 7 448
19 8 562
19 9 551
19 10 547
19 11 833
19 12 744
19 13 593
19 14 359
19 15 561
19 16 686
19 17 337
19 18 326
19 20 463
19 21 557
19 22 300
19 23 556
19 24 510
19 25 751
19 26 921
19 27 928
19 28 517
19 29 879
19 30 653
19 31 404
19 32 798
19 33 660
19 34 344
19 35 941
19 36 216
19 37 363
19 38 430
19 39 381
19 40 343
19 41 147
19 42 839
19 43 916
19 44 51
19 45 594
19 46 874
19 47 681
19 48 481
19 49 624
19 50 537
19 51 959
19 52 495
19 53 729
19 54 445
19 55 994
19 56 734
19 57 296
19 58 515
19 59 819
19 60 1005
19 61 551
19 62 433
19 63 105
19 64 890
19 65 91
19 66 900
19 67 137
19 68 553
19 69 896
19 70 741
19 71 380
19 72 604
19 73 148
19 74 851
19 75 763
19 76 361
19 77 446
19 78 676
19 79 105
19 80 866
19 81 688
19 82 281
19 83 106
19 84 409
19 85 755
19 86 84
19 87 359
19 88 564
19 89 688
19 90 452
19 91 852
19 92 368
19 93 13
19 94 639
19 95 879
19 96 129
19 97 471
19 98 653
19 99 630
19 100 539
19 101 574
20 0 599
20 1 354
20 2 620
20 3 234
20 4 416
20 5 509
20 6 777
20 7 782
20 8 372
20 9 847
20 10 454
20 11 777
20 12 283
20 13 279
20 14 213
20 15 798
20 16 432
20 17 351
20 18 358
20 19 463
20 21 245
20 22 360
20 23 873
20 24 726
20 25 295
20 26 640
20 27 813
20 28 501
20 29 719
20 30 193
20 31 238
20 32 557
20 33 673
20 34 518
20 35 750
20 36 262
20 37 167
20 38 133
20 39 270
20 40 173
20 41 317
20 42 624
20 43 823
20 44 473
20 45 783
20 46 456
20 47 498
20 48 106
20 49 328
20 50 84
20 51 496
20 52 571
20 53 341
20 54 32
20 55 859
20 56 271
20 57 665
20 58 644
20 59 719
20 60 830
20 61 683
20 62 664
20 63 562
20 64 738
20 65 546
20 66 438
20 67 420
20 68 90
20 69 488
20 70 644
20 71 657
20 72 926
20 73 374
20 74 438
20 75 600
20 76 106
20 77 208
20 78 447
20 79 389
20 80 404
20 81 229
20 82 351
20 83 520
20 84 244
20 85 297
20 86 507
20 87 630
20 88 890
20 89 250
20 90 599
20 91 395
20 92 162
20 93 473
20 94 388
20 95 629
20 96 521
20 97 649
20 98 708
20 99 544
20 100 498
20 101 121
21 0 531
21 1 423
21 2 478
21 3 14
21 4 217
21 5 679
21 6 535
21 7 731
21 8 151
21 9 766
21 10 258
21 11 553
21 12 317
21 13 39
21 14 439
21 15 691
21 16 188
21 17 282
21 18 574
21 19 557
21 20 245
21 22 314
21 23 801
21 24 619
21 25 291
21 26 406
21 27 574
21 28 331
21 29 476
21 30 249
21 31 475
21 32 314
21 33 480
21 34 722
21 35 505
21 36 347
21 37 392
21 38 150
21 39 502
21 40 222
21 41 432
21 42 379
21 43 588
21 44 545
21 45 654
21 46 331
21 47 260
21 48 140
21 49 85
21 50 285
21 51 518
21 52 427
21 53 179
21 54 273
21 55 617
21 56 329
21 57 654
21 58 509
21 59 487
21 60 586
21 61 542
21 62 576
21 63 634
21 64 496
21 65 648
21 66 442
21 67 457
21 68 244
21 69 346
21 70 417
21 71 596
21 72 852
21 73 421
21 74 307
21 75 360
21 76 300
21 77 451
21 78 204
21 79 456
21 80 414
21 81 346
21 82 554
21 83 570
21 84 157
21 85 303
21 86 566
21 87 572
21 88 822
21 89 412
21 90 484
21 91 375
21 92 388
21 93 570
21 94 145
21 95 387
21 96 559
21 97 538
21 98 529
21 99 331
21 100 315
21 101 303
22 0 242
22 1 178
22 2 287
22 3 320
22 4 239
22 5 488
22 6 705
22 7 433
22 8 272
22 9 489
22 10 248
22 11 551
22 12 588
22 13 340
22 14 413
22 15 440
22 16 399
22 17 39
22 18 484
22 19 300
22 20 360
22 21 314
22 23 518
22 24 369
22 25 577
22 26 630
22 27 636
22 28 229
22 29 580
22 30 500
22 31 467
22 32 504
22 33 393
22 34 581
22 35 642
22 36 175
22 37 382
22 38 249
22 39 470
22 40 187
22 41 240
22 42 541
22 43 628
22 44 269
22 45 432
22 46 644
22 47 382
22 48 308
22 49 358
22 50 442
22 51 805
22 52 246
22 53 492
22 54 363
22 55 699
22 56 590
22 57 342
22 58 303
22 59 527
22 60 707
22 61 343
22 62 305
22 63 347
22 64 592
22 65 384
22 66 734
22 67 169
22 68 431
22 69 658
22 70 447
22 71 302
22 72 570
22 73 154
22 74 620
22 75 464
22 76 307
22 77 480
22 78 384
22 79 198
22 80 702
22 81 573
22 82 445
22 83 275
22 84 160
22 85 586
22 86 277
22 87 276
22 88 536
22 89 608
22 90 249
22 91 672
22 92 383
22 93 313
22 94 356
22 95 584
22 96 258
22 97 295
22 98 405
22 99 335
22 100 246
22 101 478
23 0 277
23 1 564
23 2 365
23 3 810
23 4 622
23 5 758
23 6 961
23 7 109
23 8 693
23 9 45
23 10 594
23 11 647
23 12 1101
23 13 816
23 14 872
23 15 153
23 16 799
23 17 535
23 18 877
23 19 556
23 20 873
23 21 801
23 22 518
23 24 203
23 25 1085
23 26 970
23 27 776
23 28 509
23 29 799
23 30 1015
23 31 924
23 32 845
23 33 490
23 34 891
23 35 876
23 36 637
23 37 856
23 38 766
23 39 913
23 40 701
23 41 640
23 42 839
23 43 742
23 44 509
23 45 233
23 46 1113
23 47 722
23 48 824
23 49 814
23 50 957
23 51 1314
23 52 403
23 53 965
23 54 872
23 55 844
23 56 1104
23 57 262
23 58 330
23 59 693
23 60 901
23 61 320
23 62 226
23 63 482
23 64 796
23 65 561
23 66 1240
23 67 489
23 68 948
23 69 1116
23 70 651
23 71 217
23 72 53
23 73 531
23 74 1089
23 75 738
23 76 804
23 77 954
23 78 768
23 79 543
23 80 1210
23 81 1090
23 82 832
23 83 451
23 84 667
23 85 1094
23 86 473
23 87 243
23 88 24
23 89 1123
23 90 327
23 91 1174
23 92 859
23 93 560
23 94 776
23 95 906
23 96 429
23 97 276
23 98 433
23 99 601
23 100 537
23 101 993
24 0 151
24 1 470
24 2 163
24 3 630
24 4 427
24 5 729
24 6 764
24 7 193
24 8 500
24 9 160
24 10 396
24 11 464
24 12 928
24 13 630
24 14 766
24 15 73
24 16 600
24 17 376
24 18 803
24 19 510
24 20 726
24 21 619
24 22 369
24 23 203
24 25 908
24 26 768
24 27 591
24 28 311
24 29 603
24 30 847
24 31 820
24 32 643
24 33 295
24 34 852
24 35 680
24 36 521
24 37 741
24 38 607
24 39 816
24 40 555
24 41 550
24 42 638
24 43 560
24 44 460
24 45 86
24 46 920
24 47 521
24 48 662
24 49 622
24 50 807
24 51 1136
24 52 204
24 53 776
24 54 731
24 55 660
24 56 935
24 57 271
24 58 128
24 59 500
24 60 710
24 61 121
24 62 78
24 63 471
24 64 602
24 65 547
24 66 1061
24 67 402
24 68 791
24 69 921
24 70 453
24 71 138
24 72 246
24 73 434
24 74 897
24 75 537
24 76 673
24 77 840
24 78 569
24 79 460
24 80 1032
24 81 929
24 82 758
24 83 413
24 84 499
24 85 919
24 86 433
24 87 154
24 88 226
24 89 971
24 90 136
24 91 993
24 92 743
24 93 518
24 94 580
24 95 704
24 96 387
24 97 82
24 98 244
24 99 399
24 100 338
24 101 842
25 0 810
25 1 630
25 2 768
25 3 280
25 4 503
25 5 802
25 6 671
25 7 1008
25 8 432
25 9 1051
25 10 543
25 11 801
25 12 47
25 13 289
25 14 488
25 15 980
25 16 401
25 17 552
25 18 633
25 19 751
25 20 295
25 21 291
25 22 577
25 23 1085
25 24 908
25 26 510
25 27 789
25 28 620
25 29 678
25 30 104
25 31 494
25 32 488
25 33 760
25 34 796
25 35 678
25 36 539
25 37 450
25 38 337
25 39 532
25 40 421
25 41 606
25 42 559
25 43 812
25 44 754
25 45 944
25 46 205
25 47 502
25 48 278
25 49 316
25 50 245
25 51 230
25 52 718
25 53 193
25 54 321
25 55 812
25 56 77
25 57 914
25 58 800
25 59 723
25 60 757
25 61 832
25 62 861
25 63 845
25 64 700
25 65 836
25 66 157
25 67 686
25 68 210
25 69 244
25 70 667
25 71 874
25 72 1136
25 73 642
25 74 197
25 75 585
25 76 401
25 77 446
25 78 433
25 79 666
25 80 126
25 81 147
25 82 635
25 83 794
25 84 420
25 85 14
25 86 784
25 87 849
25 88 1105
25 89 227
25 90 773
25 91 101
25 92 444
25 93 761
25 94 384
25 95 531
25 96 790
25 97 826
25 98 813
25 99 603
25 100 602
25 101 223
26 0 757
26 1 788
26 2 607
26 3 413
26 4 398
26 5 1073
26 6 163
26 7 940
26 8 360
26 9 927
26 10 407
26 11 417
26 12 556
26 13 368
26 14 843
26 15 825
26 16 237
26 17 591
26 18 979
26 19 921
26 20 640
26 21 406
26 22 630
26 23 970
26 24 768
26 25 510
26 27 341
26 28 479
26 29 236
26 30 553
26 31 876
26 32 132
26 33 495
26 34 1125
26 35 195
26 36 730
26 37 796
26 38 555
26 39 905
26 40 617
26 41 817
26 42 137
26 43 378
26 44 896
26 45 756
26 46 347
26 47 261
26 48 541
26 49 322
26 50 656
26 51 646
26 52 575
26 53 330
26 54 670
26 55 336
26 56 585
26 57 923
26 58 642
26 59 334
26 60 263
26 61 652
26 62 766
26 63 976
26 64 255
26 65 1009
26 66 578
26 67 798
26 68 609
26 69 316
26 70 334
26 71 816
26 72 1011
26 73 775
26 74 338
26 75 235
26 76 705
26 77 847
26 78 247
26 79 816
26 80 572
26 81 643
26 82 959
26 83 904
26 84 521
26 85 524
26 86 907
26 87 802
26 88 994
26 89 725
26 90 658
26 91 517
26 92 792
26 93 934
26 94 285
26 95 68
26 96 885
26 97 701
26 98 559
26 99 371
26 100 449
26 101 660
27 0 646
27 1 813
27 2 460
27 3 587
27 4 421
27 5 1123
27 6 229
27 7 782
27 8 444
27 9 732
27 10 396
27 11 130
27 12 831
27 13 548
27 14 980
27 15 624
27 16 398
27 17 603
27 18 1090
27 19 928
27 20 813
27 21 574
27 22 636
27 23 776
27 24 591
27 25 789
27 26 341
27 28 412
27 29 113
27 30 797
27 31 1025
27 32 302
27 33 302
27 34 1210
27 35 153
27 36 792
27 37 935
27 38 692
27 39 1044
27 40 717
27 41 870
27 42 235
27 43 42
27 44 889
27 45 544
27 46 666
27 47 316
27 48 708
27 49 502
27 50 859
27 51 962
27 52 456
27 53 597
27 54 838
27 55 71
27 56 855
27 57 820
27 58 484
27 59 110
27 60 132
27 61 473
27 62 621
27 63 948
27 64 91
27 65 1003
27 66 889
27 67 791
27 68 817
27 69 642
27 70 189
27 71 688
27 72 804
27 73 787
27 74 652
27 75 215
27 76 839
27 77 1012
27 78 373
27 79 831
27 80 876
27 81 896
27 82 1059
27 83 874
27 84 607
27 85 803
27 86 884
27 87 684
27 88 799
27 89 972
27 90 530
27 91 822
27 92 933
27 93 941
27 94 432
27 95 285
27 96 849
27 97 551
27 98 347
27 99 303
27 100 391
27 101 876
28 0 279
28 1 405
28 2 153
28 3 343
28 4 120
28 5 715
28 6 514
28 7 466
28 8 194
28 9 469
28 10 86
28 11 323
28 12 647
28 13 333
28 14 616
28 15 378
28 16 291
28 17 201
28 18 705
28 19 517
28 20 501
28 21 331
28 22 229
28 23 509
28 24 311
28 25 620
28 26 479
28 27 412
28 29 371
28 30 576
28 31 667
28 32 348
28 33 175
28 34 809
28 35 440
28 36 397
28 37 577
28 38 369
28 39 678
28 40 356
28 41 468
28 42 361
28 43 401
28 44 478
28 45 329
28 46 612
28 47 220
28 48 412
28 49 318
28 50 572
28 51 844
28 52 107
28 53 471
28 54 517
28 55 478
28 56 659
28 57 448
28 58 188
28 59 302
28 60 496
28 61 215
28 62 292
28 63 541
28 64 379
28 65 593
28 66 767
28 67 380
28 68 544
28 69 612
28 70 225
28 71 338
28 72 555
28 73 377
28 74 588
28 75 267
28 76 488
28 77 668
28 78 260
28 79 421
28 80 740
28 81 667
28 82 668
28 83 466
28 84 259
28 85 632
28 86 475
28 87 323
28 88 532
28 89 724
28 90 184
28 91 697
28 92 577
28 93 529
28 94 270
28 95 420
28 96 442
28 97 233
28 98 208
28 99 121
28 100 31
28 101 601
29 0 632
29 1 756
29 2 454
29 3 488
29 4 350
29 5 1063
29 6 163
29 7 790
29 8 358
29 9 755
29 10 334
29 11 187
29 12 721
29 13 447
29 14 896
29 15 648
29 16 294
29 17 545
29 18 1013
29 19 879
29 20 719
29 21 476
29 22 580
29 23 799
29 24 603
29 25 678
29 26 236
29 27 113
29 28 371
29 30 691
29 31 939
29 32 191
29 33 310
29 34 1141
29 35 78
29 36 724
29 37 850
29 38 603
29 39 960
29 40 638
29 41 806
29 42 122
29 43 145
29 44 843
29 45 571
29 46 554
29 47 224
29 48 613
29 49 400
29 50 760
29 51 850
29 52 438
29 53 486
29 54 745
29 55 141
29 56 745
29 57 806
29 58 484
29 59 111
29 60 127
29 61 483
29 62 620
29 63 910
29 64 23
29 65 959
29 66 777
29 67 744
29 68 716
29 69 530
29 70 154
29 71 681
29 72 832
29 73 734
29 74 539
29 75 123
29 76 754
29 77 922
29 78 273
29 79 778
29 80 764
29 81 789
29 82 984
29 83 836
29 84 528
29 85 692
29 86 844
29 87 673
29 88 822
29 89 866
29 90 519
29 91 710
29 92 847
29 93 892
29 94 333
29 95 175
29 96 812
29 97 550
29 98 367
29 99 251
29 100 344
29 101 774
30 0 739
30 1 536
30 2 717
30 3 237
30 4 466
30 5 699
30 6 708
30 7 933
30 8 400
30 9 984
30 10 506
30 11 793
30 12 93
30 13 261
30 14 386
30 15 920
30 16 401
30 17 480
30 18 531
30 19 653
30 20 193
30 21 249
30 22 500
30 23 1015
30 24 847
30 25 104
30 26 553
30 27 797
30 28 576
30 29 691
30 31 394
30 32 506
30 33 729
30 34 694
30 35 702
30 36 444
30 37 347
30 38 253
30 39 432
30 40 332
30 41 507
30 42 578
30 43 817
30 44 659
30 45 891
30 46 290
30 47 493
30 48 193
30 49 301
30 50 143
30 51 311
30 52 666
30 53 224
30 54 218
30 55 830
30 56 90
30 57 831
30 58 747
30 59 721
30 60 783
30 61 781
30 62 795
30 63 749
30 64 712
30 65 737
30 66 247
30 67 596
30 68 107
30 69 327
30 70 657
30 71 801
30 72 1067
30 73 551
30 74 276
30 75 586
30 76 299
30 77 348
30 78 428
30 79 572
30 80 214
30 81 100
30 82 533
30 83 702
30 84 350
30 85 104
30 86 690
30 87 776
30 88 1034
30 89 176
30 90 713
30 91 202
30 92 341
30 93 663
30 94 371
30 95 562
30 96 699
30 97 767
30 98 777
30 99 578
30 100 562
30 101 126
31 0 674
31 1 361
31 2 753
31 3 466
31 4 610
31 5 343
31 6 1009
31 7 821
31 8 582
31 9 908
31 10 642
31 11 973
31 12 466
31 13 511
31 14 55
31 15 886
31 16 661
31 17 478
31 18 145
31 19 404
31 20 238
31 21 475
31 22 467
31 23 924
31 24 820
31 25 494
31 26 876
31 27 1025
31 28 667
31 29 939
31 30 394
31 32 788
31 33 842
31 34 306
31 35 976
31 36 300
31 37 91
31 38 336
31 39 39
31 40 314
31 41 285
31 42 852
31 43 1030
31 44 437
31 45 892
31 46 680
31 47 715
31 48 336
31 49 560
31 50 252
31 51 646
31 52 710
31 53 577
31 54 207
31 55 1076
31 56 443
31 57 678
31 58 769
31 59 925
31 60 1055
31 61 809
31 62 747
31 63 507
31 64 957
31 65 459
31 66 608
31 67 436
31 68 295
31 69 714
31 70 846
31 71 718
31 72 976
31 73 395
31 74 664
31 75 817
31 76 186
31 77 55
31 78 672
31 79 382
31 80 575
31 81 375
31 82 163
31 83 496
31 84 422
31 85 491
31 86 476
31 87 692
31 88 936
31 89 337
31 90 713
31 91 584
31 92 93
31 93 407
31 94 615
31 95 862
31 96 509
31 97 754
31 98 865
31 99 737
31 100 672
31 101 272
32 0 626
32 1 666
32 2 481
32 3 323
32 4 268
32 5 959
32 6 223
32 7 811
32 8 237
32 9 802
32 10 276
32 11 340
32 12 531
32 13 279
32 14 750
32 15 702
32 16 127
32 17 465
32 18 879
32 19 798
32 20 557
32 21 314
32 22 504
32 23 845
32 24 643
32 25 488
32 26 132
32 27 302
32 28 348
32 29 191
32 30 506
32 31 788
32 33 381
32 34 1020
32 35 197
32 36 615
32 37 703
32 38 456
32 39 813
32 40 508
32 41 701
32 42 72
32 43 330
32 44 771
32 45 636
32 46 370
32 47 130
32 48 453
32 49 230
32 50 587
32 51 662
32 52 447
32 53 296
32 54 586
32 55 325
32 56 556
32 57 792
32 58 516
32 59 255
32 60 278
32 61 529
32 62 637
32 63 849
32 64 213
32 65 885
32 66 588
32 67 672
32 68 542
32 69 350
32 70 230
32 71 686
32 72 887
32 73 651
32 74 354
32 75 127
32 76 609
32 77 764
32 78 125
32 79 693
32 80 575
32 81 603
32 82 856
32 83 776
32 84 406
32 85 502
32 86 780
32 87 671
32 88 868
32 89 682
32 90 529
32 91 520
32 92 699
32 93 811
32 94 175
32 95 82
32 96 757
32 97 573
32 98 445
32 99 244
32 100 318
32 101 598
33 0 348
33 1 562
33 2 160
33 3 493
33 4 265
33 5 869
33 6 472
33 7 484
33 8 330
33 9 446
33 10 225
33 11 183
33 12 792
33 13 473
33 14 790
33 15 339
33 16 381
33 17 370
33 18 875
33 19 660
33 20 673
33 21 480
33 22 393
33 23 490
33 24 295
33 25 760
33 26 495
33 27 302
33 28 175
33 29 310
33 30 729
33 31 842
33 32 381
33 34 971
33 35 387
33 36 566
33 37 752
33 38 541
33 39 852
33 40 531
33 41 631
33 42 360
33 43 277
33 44 615
33 45 264
33 46 714
33 47 281
33 48 579
33 49 445
33 50 740
33 51 974
33 52 166
33 53 590
33 54 689
33 55 372
33 56 807
33 57 520
33 58 183
33 59 206
33 60 417
33 61 175
33 62 320
33 63 664
33 64 308
33 65 726
33 66 897
33 67 524
33 68 709
33 69 705
33 70 164
33 71 387
33 72 525
33 73 531
33 74 693
33 75 260
33 76 663
33 77 843
33 78 346
33 79 572
33 80 874
33 81 825
33 82 837
33 83 591
33 84 432
33 85 773
33 86 605
33 87 384
33 88 513
33 89 886
33 90 231
33 91 826
33 92 752
33 93 671
33 94 382
33 95 428
33 96 565
33 97 250
33 98 64
33 99 160
33 100 176
33 101 767
34 0 703
34 1 410
34 2 843
34 3 716
34 4 793
34 5 134
34 6 1240
34 7 783
34 8 790
34 9 889
34 10 814
34 11 1132
34 12 771
34 13 760
34 14 309
34 15 904
34 16 895
34 17 610
34 18 164
34 19 344
34 20 518
34 21 722
34 22 581
34 23 891
34 24 852
34 25 796
34 26 1125
34 27 1210
34 28 809
34 29 1141
34 30 694
34 31 306
34 32 1020
34 33 971
34 35 1192
34 36 418
34 37 352
34 38 572
34 39 267
34 40 512
34 41 342
34 42 1075
34 43 1205
34 44 394
34 45 936
34 46 973
34 47 923
34 48 596
34 49 805
34 50 552
34 51 950
34 52 813
34 53 855
34 54 488
34 55 1270
34 56 748
34 57 630
34 58 847
34 59 1102
34 60 1265
34 61 884
34 62 775
34 63 410
34 64 1156
34 65 333
34 66 913
34 67 459
34 68 591
34 69 1005
34 70 1021
34 71 723
34 72 936
34 73 442
34 74 955
34 75 1019
34 76 428
34 77 359
34 78 896
34 79 404
34 80 881
34 81 680
34 82 169
34 83 446
34 84 617
34 85 794
34 86 424
34 87 701
34 88 896
34 89 639
34 90 784
34 91 888
34 92 357
34 93 337
34 94 846
34 95 1099
34 96 471
34 97 809
34 98 975
34 99 908
34 100 825
34 101 576
35 0 706
35 1 816
35 2 531
35 3 516
35 4 406
35 5 1120
35 6 87
35 7 867
35 8 403
35 9 832
35 10 395
35 11 255
35 12 722
35 13 473
35 14 936
35 15 725
35 16 318
35 17 605
35 18 1059
35 19 941
35 20 750
35 21 505
35 22 642
35 23 876
35 24 680
35 25 678
35 26 195
35 27 153
35 28 440
35 29 78
35 30 702
35 31 976
35 32 197
35 33 387
35 34 1192
35 36 778
35 37 889
35 38 641
35 39 1000
35 40 684
35 41 862
35 42 127
35 43 193
35 44 907
35 45 648
35 46 534
35 47 270
35 48 645
35 49 424
35 50 783
35 51 833
35 52 513
35 53 487
35 54 778
35 55 142
35 56 748
35 57 880
35 58 561
35 59 187
35 60 82
35 61 560
35 62 696
35 63 977
35 64 84
35 65 1023
35 66 763
35 67 808
35 68 738
35 69 506
35 70 230
35 71 757
35 72 910
35 73 795
35 74 522
35 75 179
35 76 794
35 77 956
35 78 305
35 79 839
35 80 754
35 81 798
35 82 1032
35 83 903
35 84 576
35 85 691
35 86 910
35 87 748
35 88 900
35 89 878
35 90 594
35 91 699
35 92 886
35 93 954
35 94 362
35 95 150
35 96 880
35 97 626
35 98 445
35 99 320
35 100 413
35 101 794
36 0 376
36 1 93
36 2 460
36 3 346
36 4 375
36 5 345
36 6 830
36 7 538
36 8 379
36 9 617
36 10 396
36 11 717
36 12 537
36 13 384
36 14 246
36 15 588
36 16 494
36 17 197
36 18 310
36 19 216
36 20 262
36 21 347
36 22 175
36 23 637
36 24 521
36 25 539
36 26 730
36 27 792
36 28 397
36 29 724
36 30 444
36 31 300
36 32 615
36 33 566
36 34 418
36 35 778
36 37 222
36 38 214
36 39 299
36 40 129
36 41 87
36 42 665
36 43 788
36 44 216
36 45 592
36 46 659
36 47 509
36 48 266
36 49 420
36 50 343
36 51 754
36 52 420
36 53 515
36 54 251
36 55 852
36 56 529
36 57 409
36 58 473
36 59 685
36 60 849
36 61 513
36 62 448
36 63 306
36 64 739
36 65 305
36 66 691
36 67 160
36 68 350
36 69 682
36 70 604
36 71 424
36 72 689
36 73 114
36 74 636
36 75 603
36 76 172
36 77 321
36 78 490
36 79 128
36 80 657
36 81 491
36 82 272
36 83 259
36 84 210
36 85 544
36 86 246
36 87 398
36 88 651
36 89 505
36 90 415
36 91 640
36 92 224
36 93 227
36 94 446
36 95 696
36 96 259
36 97 455
36 98 580
36 99 490
36 100 409
36 101 381
37 0 597
37 1 294
37 2 667
37 3 384
37 4 519
37 5 355
37 6 925
37 7 755
37 8 493
37 9 837
37 10 551
37 11 882
37 12 429
37 13 429
37 14 48
37 15 808
37 16 576
37 17 391
37 18 191
37 19 363
37 20 167
37 21 392
37 22 382
37 23 856
37 24 741
37 25 450
37 26 796
37 27 935
37 28 577
37 29 850
37 30 347
37 31 91
37 32 703
37 33 752
37 34 352
37 35 889
37 36 222
37 38 248
37 39 111
37 40 223
37 41 227
37 42 765
37 43 939
37 44 388
37 45 810
37 46 622
37 47 626
37 48 256
37 49 477
37 50 207
37 51 626
37 52 623
37 53 507
37 54 137
37 55 987
37 56 410
37 57 618
37 58 684
37 59 834
37 60 967
37 61 724
37 62 669
37 63 467
37 64 868
37 65 431
37 66 579
37 67 370
37 68 241
37 69 654
37 70 755
37 71 645
37 72 908
37 73 326
37 74 604
37 75 728
37 76 96
37 77 100
37 78 585
37 79 321
37 80 545
37 81 350
37 82 187
37 83 445
37 84 331
37 85 449
37 86 426
37 87 618
37 88 869
37 89 332
37 90 629
37 91 546
37 92 7
37 93 369
37 94 529
37 95 778
37 96 454
37 97 672
37 98 776
37 99 646
37 100 582
37 101 236
38 0 490
38 1 301
38 2 492
38 3 145
38 4 286
38 5 532
38 6 678
38 7 682
38 8 249
38 9 737
38 10 323
38 11 649
38 12 343
38 13 189
38 14 295
38 15 679
38 16 329
38 17 233
38 18 425
38 19 430
38 20 133
38 21 150
38 22 249
38 23 766
38 24 607
38 25 337
38 26 555
38 27 692
38 28 369
38 29 603
38 30 253
38 31 336
38 32 456
38 33 541
38 34 572
38 35 641
38 36 214
38 37 248
38 39 359
38 40 87
38 41 294
38 42 518
38 43 699
38 44 426
38 45 659
38 46 445
38 47 380
38 48 60
38 49 234
38 50 205
38 51 561
38 52 442
38 53 303
38 54 151
38 55 742
38 56 342
38 57 579
38 58 518
38 59 595
38 60 720
38 61 555
38 62 549
38 63 517
38 64 622
38 65 519
38 66 493
38 67 351
38 68 185
38 69 469
38 70 518
38 71 551
38 72 819
38 73 309
38 74 423
38 75 482
38 76 153
38 77 320
38 78 338
38 79 336
38 80 460
38 81 325
38 82 405
38 83 461
38 84 113
38 85 344
38 86 453
38 87 525
38 88 784
38 89 366
38 90 476
38 91 436
38 92 245
38 93 441
38 94 281
38 95 533
38 96 455
38 97 528
38 98 576
38 99 414
38 100 366
38 101 237
39 0 668
39 1 351
39 2 757
39 3 493
39 4 626
39 5 307
39 6 1035
39 7 808
39 8 603
39 9 898
39 10 657
39 11 988
39 12 505
39 13 539
39 14 65
39 15 880
39 16 687
39 17 485
39 18 106
39 19 381
39 20 270
39 21 502
39 22 470
39 23 913
39 24 816
39 25 532
39 26 905
39 27 1044
39 28 678
39 29 960
39 30 432
39 31 39
39 32 813
39 33 852
39 34 267
39 35 1000
39 36 299
39 37 111
39 38 359
39 40 329
39 41 273
39 42 876
39 43 1047
39 44 418
39 45 890
39 46 716
39 47 736
39 48 365
39 49 587
39 50 289
39 51 685
39 52 715
39 53 610
39 54 239
39 55 1097
39 56 482
39 57 663
39 58 771
39 59 942
39 60 1078
39 61 811
39 62 742
39 63 484
39 64 978
39 65 431
39 66 647
39 67 425
39 68 331
39 69 750
39 70 863
39 71 709
