nnodes narcs type
102 10302 digraph
nodename posx posy
0 258 672
1 901 689
2 9 260
3 918 649
4 171 897
5 12 167
6 641 595
7 320 318
8 612 328
9 784 776
10 970 910
11 919 549
12 418 605
13 94 816
14 580 317
15 955 235
16 945 333
17 884 375
18 458 136
19 929 587
20 994 546
21 512 295
22 319 917
23 571 831
24 348 839
25 778 872
26 228 269
27 827 797
28 290 724
29 164 4
30 850 378
31 77 409
32 573 131
33 600 748
34 41 88
35 401 295
36 839 294
37 615 525
38 799 690
39 636 421
40 864 22
41 574 142
42 992 664
43 144 224
44 502 961
45 973 820
46 615 103
47 946 38
48 946 197
49 645 578
50 390 178
51 967 553
52 447 499
53 14 622
54 668 288
55 477 230
56 922 419
57 156 549
58 440 96
59 996 410
60 950 288
61 253 195
62 597 833
63 521 516
64 634 841
65 864 117
66 805 908
67 158 814
68 227 876
69 215 947
70 695 14
71 156 647
72 260 156
73 46 323
74 843 684
75 129 410
76 94 626
77 754 931
78 291 793
79 810 282
80 68 659
81 10 253
82 841 871
83 549 133
84 711 22
85 814 345
86 301 362
87 395 217
88 140 615
89 957 209
90 984 992
91 622 615
92 827 682
93 459 355
94 323 132
95 887 804
96 839 126
97 105 603
98 798 377
99 904 50
100 28 461
101 295 296
tail head weight
0 1 644
0 2 482
0 3 661
0 4 242
0 5 562
0 6 391
0 7 360
0 8 494
0 9 537
0 10 751
0 11 673
0 12 174
0 13 219
0 14 480
0 15 823
0 16 767
0 17 693
0 18 573
0 19 677
0 20 747
0 21 455
0 22 253
0 23 352
0 24 190
0 25 558
0 26 405
0 27 583
0 28 62
0 29 675
0 30 661
0 31 320
0 32 627
0 33 351
0 34 624
0 35 404
0 36 694
0 37 387
0 38 542
0 39 454
0 40 889
0 41 618
0 42 735
0 43 463
0 44 379
0 45 731
0 46 672
0 47 936
0 48 837
0 49 399
0 50 512
0 51 719
0 52 257
0 53 250
0 54 562
0 55 494
0 56 711
0 57 160
0 58 605
0 59 784
0 60 792
0 61 478
0 62 376
0 63 306
0 64 413
0 65 822
0 66 596
0 67 174
0 68 207
0 69 279
0 70 790
0 71 106
0 72 517
0 73 409
0 74 586
0 75 293
0 76 171
0 77 560
0 78 126
0 79 676
0 80 191
0 81 487
0 82 617
0 83 613
0 84 793
0 85 646
0 86 313
0 87 476
0 88 132
0 89 839
0 90 794
0 91 369
0 92 570
0 93 376
0 94 544
0 95 643
0 96 798
0 97 168
0 98 616
0 99 897
0 100 313
0 101 378
1 0 644
1 2 990
1 3 44
1 4 760
1 5 1031
1 6 277
1 7 690
1 8 463
1 9 146
1 10 232
1 11 142
1 12 491
1 13 817
1 14 492
1 15 458
1 16 359
1 17 315
1 18 709
1 19 106
1 20 171
1 21 554
1 22 626
1 23 360
1 24 573
1 25 221
1 26 794
1 27 131
1 28 613
1 29 1007
1 30 316
1 31 871
1 32 648
1 33 307
1 34 1050
1 35 637
1 36 400
1 37 330
1 38 103
1 39 377
1 40 669
1 41 638
1 42 95
1 43 889
1 44 483
1 45 150
1 46 653
1 47 653
1 48 495
1 49 280
1 50 723
1 51 152
1 52 493
1 53 890
1 54 464
1 55 625
1 56 271
1 57 759
1 58 752
1 59 295
1 60 404
1 61 815
1 62 337
1 63 418
1 64 308
1 65 574
1 66 240
1 67 754
1 68 700
1 69 733
1 70 706
1 71 747
1 72 834
1 73 931
1 74 59
1 75 821
1 76 810
1 77 284
1 78 619
1 79 418
1 80 834
1 81 992
1 82 192
1 83 659
1 84 694
1 85 355
1 86 684
1 87 692
1 88 765
1 89 484
1 90 315
1 91 289
1 92 75
1 93 555
1 94 803
1 95 116
1 96 567
1 97 801
1 98 329
1 99 640
1 100 903
1 101 723
2 0 482
2 1 990
2 3 989
2 4 658
2 5 94
2 6 716
2 7 317
2 8 607
2 9 932
2 10 1161
2 11 955
2 12 536
2 13 563
2 14 574
2 15 947
2 16 939
2 17 883
2 18 466
2 19 977
2 20 1026
2 21 505
2 22 727
2 23 802
2 24 671
2 25 983
2 26 220
2 27 979
2 28 543
2 29 300
2 30 850
2 31 164
2 32 579
2 33 767
2 34 175
2 35 394
2 36 831
2 37 662
2 38 900
2 39 648
2 40 888
2 41 578
2 42 1063
2 43 140
2 44 858
2 45 1115
2 46 627
2 47 963
2 48 940
2 49 712
2 50 390
2 51 1002
2 52 499
2 53 363
2 54 660
2 55 469
2 56 927
2 57 325
2 58 462
2 59 999
2 60 942
2 61 253
2 62 822
2 63 573
2 64 854
2 65 867
2 66 1027
2 67 574
2 68 654
2 69 718
2 70 729
2 71 414
2 72 272
2 73 74
2 74 936
2 75 193
2 76 376
2 77 1003
2 78 604
2 79 802
2 80 404
2 81 8
2 82 1033
2 83 555
2 84 742
2 85 810
2 86 310
2 87 389
2 88 379
2 89 950
2 90 1220
2 91 709
2 92 921
2 93 460
2 94 340
2 95 1033
2 96 841
2 97 357
2 98 798
2 99 920
2 100 202
2 101 289
3 0 661
3 1 44
3 2 989
3 4 788
3 5 1027
3 6 283
3 7 684
3 8 444
3 9 185
3 10 267
3 11 101
3 12 502
3 13 841
3 14 474
3 15 416
3 16 318
3 17 277
3 18 690
3 19 63
3 20 129
3 21 539
3 22 657
3 23 392
3 24 601
3 25 264
3 26 788
3 27 174
3 28 633
3 29 993
3 30 280
3 31 875
3 32 623
3 33 334
3 34 1042
3 35 627
3 36 364
3 37 328
3 38 126
3 39 363
3 40 630
3 41 613
3 42 76
3 43 884
3 44 520
3 45 180
3 46 625
3 47 612
3 48 453
3 49 283
3 50 708
3 51 108
3 52 495
3 53 905
3 54 440
3 55 609
3 56 231
3 57 769
3 58 731
3 59 252
3 60 363
3 61 806
3 62 370
3 63 419
3 64 343
3 65 535
3 66 283
3 67 778
3 68 728
3 69 764
3 70 674
3 71 763
3 72 823
3 73 931
3 74 83
3 75 825
3 76 825
3 77 327
3 78 644
3 79 383
3 80 851
3 81 991
3 82 235
3 83 635
3 84 661
3 85 322
3 86 681
3 87 679
3 88 779
3 89 442
3 90 350
3 91 298
3 92 97
3 93 546
3 94 789
3 95 159
3 96 529
3 97 815
3 98 298
3 99 600
3 100 910
3 101 717
4 0 242
4 1 760
4 2 658
4 3 788
4 5 748
4 6 559
4 7 598
4 8 720
4 9 625
4 10 800
4 11 825
4 12 383
4 13 112
4 14 710
4 15 1027
4 16 958
4 17 884
4 18 814
4 19 819
4 20 895
4 21 692
4 22 150
4 23 406
4 24 187
4 25 608
4 26 631
4 27 664
4 28 210
4 29 894
4 30 855
4 31 497
4 32 866
4 33 455
4 34 820
4 35 645
4 36 900
4 37 580
4 38 662
4 39 666
4 40 1117
4 41 856
4 42 854
4 43 674
4 44 338
4 45 806
4 46 910
4 47 1157
4 48 1045
4 49 572
4 50 752
4 51 868
4 52 485
4 53 317
4 54 787
4 55 734
4 56 891
4 57 349
4 58 845
4 59 959
4 60 989
4 61 707
4 62 431
4 63 518
4 64 467
4 65 1044
4 66 635
4 67 85
4 68 60
4 69 67
4 70 1027
4 71 251
4 72 747
4 73 588
4 74 705
4 75 489
4 76 282
4 77 584
4 78 159
4 79 887
4 80 260
4 81 664
4 82 671
4 83 853
4 84 1029
4 85 848
4 86 551
4 87 716
4 88 284
4 89 1045
4 90 819
4 91 532
4 92 691
4 93 614
4 94 780
4 95 723
4 96 1021
4 97 302
4 98 815
4 99 1121
4 100 459
4 101 614
5 0 562
5 1 1031
5 2 94
5 3 1027
5 4 748
5 6 761
5 7 344
5 8 622
5 9 984
5 10 1213
5 11 985
5 12 598
5 13 655
5 14 588
5 15 946
5 16 948
5 17 897
5 18 448
5 19 1009
5 20 1053
5 21 517
5 22 811
5 23 868
5 24 752
5 25 1042
5 26 239
5 27 1031
5 28 623
5 29 223
5 30 865
5 31 251
5 32 563
5 33 827
5 34 85
5 35 410
5 36 837
5 37 702
5 38 945
5 39 674
5 40 865
5 41 563
5 42 1099
5 43 144
5 44 934
5 45 1162
5 46 607
5 47 943
5 48 935
5 49 755
5 50 379
5 51 1031
5 52 548
5 53 456
5 54 668
5 55 470
5 56 945
5 57 409
5 58 434
5 59 1014
5 60 946
5 61 243
5 62 887
5 63 618
5 64 918
5 65 854
5 66 1086
5 67 664
5 68 741
5 69 806
5 70 700
5 71 502
5 72 249
5 73 160
5 74 979
5 75 270
5 76 467
5 77 1066
5 78 686
5 79 807
5 80 496
5 81 87
5 82 1088
5 83 539
5 84 714
5 85 822
5 86 349
5 87 387
5 88 466
5 89 946
5 90 1275
5 91 757
5 92 965
5 93 485
5 94 313
5 95 1083
5 96 829
5 97 446
5 98 814
5 99 900
5 100 295
5 101 312
6 0 391
6 1 277
6 2 716
6 3 283
6 4 559
6 5 761
6 7 424
6 8 269
6 9 231
6 10 456
6 11 282
6 12 224
6 13 590
6 14 285
6 15 478
6 16 402
6 17 328
6 18 495
6 19 289
6 20 357
6 21 327
6 22 456
6 23 247
6 24 382
6 25 310
6 26 527
6 27 275
6 28 374
6 29 760
6 30 302
6 31 594
6 32 469
6 33 159
6 34 786
6 35 385
6 36 361
6 37 75
6 38 185
6 39 175
6 40 615
6 41 458
6 42 358
6 43 621
6 44 392
6 45 402
6 46 493
6 47 636
6 48 502
6 49 18
6 50 487
6 51 329
6 52 217
6 53 628
6 54 309
6 55 401
6 56 332
6 57 488
6 58 538
6 59 401
6 60 436
6 61 558
6 62 243
6 63 144
6 64 247
6 65 528
6 66 354
6 67 531
6 68 501
6 69 553
6 70 584
6 71 488
6 72 582
6 73 655
6 74 221
6 75 545
6 76 548
6 77 355
6 78 403
6 79 356
6 80 577
6 81 718
6 82 341
6 83 472
6 84 578
6 85 305
6 86 413
6 87 451
6 88 502
6 89 499
6 90 525
6 91 28
6 92 206
6 93 302
6 94 562
6 95 323
6 96 510
6 97 537
6 98 269
6 99 606
6 100 628
6 101 458
7 0 360
7 1 690
7 2 317
7 3 684
7 4 598
7 5 344
7 6 424
7 8 293
7 9 652
7 10 880
7 11 642
7 12 304
7 13 547
7 14 261
7 15 641
7 16 626
7 17 567
7 18 229
7 19 666
7 20 712
7 21 194
7 22 600
7 23 572
7 24 522
7 25 719
7 26 105
7 27 698
7 28 408
7 29 351
7 30 534
7 31 260
7 32 315
7 33 514
7 34 362
7 35 85
7 36 520
7 37 361
7 38 607
7 39 333
7 40 620
7 41 310
7 42 756
7 43 200
7 44 669
7 45 824
7 46 366
7 47 686
7 48 638
7 49 417
7 50 157
7 51 689
7 52 222
7 53 432
7 54 350
7 55 180
7 56 611
7 57 284
7 58 253
7 59 683
7 60 631
7 61 141
7 62 585
7 63 283
7 64 611
7 65 580
7 66 764
7 67 522
7 68 566
7 69 638
7 70 483
7 71 368
7 72 173
7 73 275
7 74 639
7 75 213
7 76 383
7 77 752
7 78 476
7 79 492
7 80 425
7 81 317
7 82 760
7 83 295
7 84 491
7 85 495
7 86 48
7 87 126
7 88 348
7 89 647
7 90 947
7 91 424
7 92 625
7 93 144
7 94 187
7 95 747
7 96 554
7 97 358
7 98 482
7 99 643
7 100 326
7 101 34
8 0 494
8 1 463
8 2 607
8 3 444
8 4 720
8 5 622
8 6 269
8 7 293
8 9 480
8 10 684
8 11 379
8 12 339
8 13 712
8 14 34
8 15 356
8 16 334
8 17 277
8 18 247
8 19 410
8 20 440
8 21 106
8 22 658
8 23 505
8 24 576
8 25 569
8 26 389
8 27 516
8 28 511
8 29 553
8 30 244
8 31 542
8 32 201
8 33 421
8 34 620
8 35 214
8 36 230
8 37 198
8 38 408
8 39 97
8 40 397
8 41 190
8 42 508
8 43 480
8 44 643
8 45 611
8 46 226
8 47 443
8 48 359
8 49 253
8 50 268
8 51 421
8 52 238
8 53 667
8 54 69
8 55 167
8 56 324
8 57 507
8 58 289
8 59 393
8 60 341
8 61 383
8 62 506
8 63 209
8 64 514
8 65 329
8 66 612
8 67 666
8 68 670
8 69 736
8 70 325
8 71 557
8 72 392
8 73 567
8 74 425
8 75 490
8 76 598
8 77 620
8 78 566
8 79 204
8 80 637
8 81 607
8 82 590
8 83 205
8 84 322
8 85 203
8 86 313
8 87 244
8 88 553
8 89 365
8 90 762
8 91 288
8 92 415
8 93 156
8 94 350
8 95 550
8 96 304
8 97 577
8 98 193
8 99 404
8 100 599
8 101 319
9 0 537
9 1 146
9 2 932
9 3 185
9 4 625
9 5 984
9 6 231
9 7 652
9 8 480
9 10 230
9 11 265
9 12 404
9 13 692
9 14 503
9 15 568
9 16 472
9 17 414
9 18 719
9 19 239
9 20 312
9 21 553
9 22 486
9 23 220
9 24 441
9 25 97
9 26 753
9 27 48
9 28 497
9 29 991
9 30 404
9 31 797
9 32 679
9 33 187
9 34 1013
9 35 615
9 36 486
9 37 303
9 38 88
9 39 385
9 40 759
9 41 668
9 42 237
9 43 846
9 44 338
9 45 195
9 46 694
9 47 756
9 48 602
9 49 242
9 50 717
9 51 289
9 52 437
9 53 786
9 54 502
9 55 627
9 56 383
9 57 668
9 58 763
9 59 423
9 60 516
9 61 788
9 62 196
9 63 370
9 64 164
9 65 664
9 66 134
9 67 628
9 68 566
9 69 595
9 70 768
9 71 642
9 72 812
9 73 866
9 74 110
9 75 751
9 76 707
9 77 158
9 78 494
9 79 495
9 80 726
9 81 935
9 82 111
9 83 685
9 84 758
9 85 433
9 86 637
9 87 682
9 88 664
9 89 593
9 90 295
9 91 229
9 92 104
9 93 532
9 94 792
9 95 107
9 96 653
9 97 701
9 98 400
9 99 736
9 100 819
9 101 686
10 0 751
10 1 232
10 2 1161
10 3 267
10 4 800
10 5 1213
10 6 456
10 7 880
10 8 684
10 9 230
10 11 365
10 12 631
10 13 882
10 14 710
10 15 676
10 16 578
10 17 542
10 18 929
10 19 326
10 20 365
10 21 767
10 22 652
10 23 407
10 24 627
10 25 196
10 26 981
10 27 183
10 28 705
10 29 1213
10 30 546
10 31 1024
10 32 875
10 33 404
10 34 1241
10 35 838
10 36 630
10 37 524
10 38 279
10 39 593
10 40 895
10 41 865
10 42 247
10 43 1074
10 44 471
10 45 91
10 46 882
10 47 873
10 48 714
10 49 465
10 50 934
10 51 358
10 52 666
10 53 999
10 54 692
10 55 840
10 56 494
10 57 891
10 58 972
10 59 501
10 60 623
10 61 1013
10 62 381
10 63 598
10 64 344
10 65 801
10 66 166
10 67 818
10 68 744
10 69 756
10 70 938
10 71 856
10 72 1036
10 73 1095
10 74 260
10 75 979
10 76 921
10 77 218
10 78 690
10 79 649
10 80 937
10 81 1164
10 82 135
10 83 884
10 84 925
10 85 587
10 86 865
10 87 901
10 88 881
10 89 702
10 90 84
10 91 457
10 92 270
10 93 755
10 94 1012
10 95 135
10 96 795
10 97 918
10 98 561
10 99 863
10 100 1044
10 101 913
11 0 673
11 1 142
11 2 955
11 3 101
11 4 825
11 5 985
11 6 282
11 7 642
11 8 379
11 9 265
11 10 365
11 12 505
11 13 868
11 14 411
11 15 317
11 16 218
11 17 178
11 18 619
11 19 40
11 20 76
11 21 480
11 22 704
11 23 448
11 24 641
11 25 353
11 26 746
11 27 265
11 28 653
11 29 932
11 30 185
11 31 854
11 32 543
11 33 376
11 34 992
11 35 577
11 36 268
11 37 305
11 38 186
11 39 311
11 40 530
11 41 534
11 42 137
11 43 841
11 44 587
11 45 277
11 46 540
11 47 512
11 48 354
11 49 276
11 50 647
11 51 49
11 52 475
11 53 908
11 54 363
11 55 546
11 56 131
11 57 763
11 58 660
11 59 159
11 60 263
11 61 755
11 62 430
11 63 400
11 64 409
11 65 436
11 66 377
11 67 806
11 68 766
11 69 809
11 70 581
11 71 770
11 72 768
11 73 902
11 74 155
11 75 803
11 76 829
11 77 417
11 78 674
11 79 289
11 80 859
11 81 956
11 82 332
11 83 557
11 84 567
11 85 230
11 86 646
11 87 621
11 88 782
11 89 343
11 90 448
11 91 305
11 92 162
11 93 500
11 94 728
11 95 257
11 96 431
11 97 816
11 98 211
11 99 500
11 100 896
11 101 674
12 0 174
12 1 491
12 2 536
12 3 502
12 4 383
12 5 598
12 6 224
12 7 304
12 8 339
12 9 404
12 10 631
12 11 505
12 13 387
12 14 331
12 15 653
12 16 594
12 17 520
12 18 471
12 19 512
12 20 580
12 21 324
12 22 328
12 23 273
12 24 245
12 25 449
12 26 386
12 27 452
12 28 175
12 29 653
12 30 489
12 31 394
12 32 499
12 33 232
12 34 640
12 35 311
12 36 524
12 37 213
12 38 391
12 39 286
12 40 735
12 41 489
12 42 578
12 43 470
12 44 366
12 45 596
12 46 540
12 47 775
12 48 668
12 49 229
12 50 428
12 51 552
12 52 110
12 53 405
12 54 404
12 55 380
12 56 538
12 57 268
12 58 510
12 59 611
12 60 620
12 61 442
12 62 290
12 63 137
12 64 320
12 65 662
12 66 492
12 67 334
12 68 332
12 69 398
12 70 653
12 71 266
12 72 476
12 73 467
12 74 433
12 75 349
12 76 325
12 77 469
12 78 227
12 79 508
12 80 355
12 81 539
12 82 500
12 83 490
12 84 653
12 85 474
12 86 270
12 87 389
12 88 279
12 89 669
12 90 686
12 91 205
12 92 417
12 93 254
12 94 483
12 95 510
12 96 638
12 97 314
12 98 444
12 99 738
12 100 416
12 101 333
13 0 219
13 1 817
13 2 563
13 3 841
13 4 112
13 5 655
13 6 590
13 7 547
13 8 712
13 9 692
13 10 882
13 11 868
13 12 387
13 14 697
13 15 1039
13 16 979
13 17 905
13 18 772
13 19 866
13 20 940
13 21 668
13 22 247
13 23 478
13 24 256
13 25 687
13 26 564
13 27 734
13 28 217
13 29 816
13 30 874
13 31 408
13 32 836
13 33 511
13 34 730
13 35 605
13 36 910
13 37 597
13 38 717
13 39 671
13 40 1107
13 41 828
13 42 911
13 43 595
13 44 433
13 45 880
13 46 884
13 47 1154
13 48 1054
13 49 601
13 50 704
13 51 912
13 52 475
13 53 210
13 54 780
13 55 701
13 56 919
13 57 275
13 58 799
13 59 990
13 60 1006
13 61 642
13 62 504
13 63 522
13 64 541
13 65 1040
13 66 717
13 67 65
13 68 146
13 69 179
13 70 1003
13 71 181
13 72 681
13 73 496
13 74 761
13 75 408
13 76 190
13 77 670
13 78 199
13 79 894
13 80 160
13 81 570
13 82 750
13 83 821
13 84 1006
13 85 861
13 86 499
13 87 671
13 88 207
13 89 1056
13 90 908
13 91 565
13 92 746
13 93 589
13 94 722
13 95 794
13 96 1016
13 97 214
13 98 830
13 99 1115
13 100 362
13 101 558
14 0 480
14 1 492
14 2 574
14 3 474
14 4 710
14 5 588
14 6 285
14 7 261
14 8 34
14 9 503
14 10 710
14 11 411
14 12 331
14 13 697
14 15 384
14 16 366
14 17 310
14 18 219
14 19 442
14 20 474
14 21 72
14 22 655
14 23 515
14 24 572
14 25 590
14 26 356
14 27 540
14 28 500
14 29 521
14 30 277
14 31 512
14 32 187
14 33 432
14 34 586
14 35 181
14 36 261
14 37 211
14 38 433
14 39 119
14 40 410
14 41 176
14 42 539
14 43 446
14 44 649
14 45 639
14 46 217
14 47 461
14 48 386
14 49 269
14 50 236
14 51 454
14 52 226
14 53 643
14 54 93
14 55 135
14 56 357
14 57 484
14 58 262
14 59 427
14 60 372
14 61 350
14 62 517
14 63 208
14 64 527
14 65 348
14 66 633
14 67 652
14 68 662
14 69 729
14 70 325
14 71 538
14 72 359
14 73 535
14 74 452
14 75 461
14 76 576
14 77 639
14 78 557
14 79 233
14 80 616
14 81 574
14 82 613
14 83 187
14 84 323
14 85 236
14 86 283
14 87 211
14 88 532
14 89 393
14 90 787
14 91 301
14 92 441
14 93 127
14 94 317
14 95 576
14 96 322
14 97 555
14 98 227
14 99 420
14 100 571
14 101 286
15 0 823
15 1 458
15 2 947
15 3 416
15 4 1027
15 5 946
15 6 478
15 7 641
15 8 356
15 9 568
15 10 676
15 11 317
15 12 653
15 13 1039
15 14 384
15 16 99
15 17 157
15 18 507
15 19 353
15 20 314
15 21 448
15 22 933
15 23 709
15 24 857
15 25 662
15 26 728
15 27 577
15 28 826
15 29 825
15 30 178
15 31 896
15 32 396
15 33 624
15 34 926
15 35 558
15 36 131
15 37 447
15 38 481
15 39 370
15 40 232
15 41 393
15 42 431
15 43 812
15 44 856
15 45 586
15 46 365
15 47 198
15 48 40
15 49 463
15 50 568
15 51 319
15 52 573
15 53 1018
15 54 292
15 55 479
15 56 187
15 57 859
15 58 534
15 59 180
15 60 54
15 61 704
15 62 697
15 63 518
15 64 686
15 65 150
15 66 690
15 67 986
15 68 970
15 69 1027
15 70 342
15 71 899
15 72 700
15 73 914
15 74 463
15 75 845
15 76 946
15 77 725
15 78 868
15 79 153
15 80 984
15 81 946
15 82 647
15 83 419
15 84 324
15 85 179
15 86 667
15 87 561
15 88 900
15 89 27
15 90 758
15 91 506
15 92 465
15 93 511
15 94 641
15 95 574
15 96 160
15 97 927
15 98 212
15 99 192
15 100 955
15 101 663
16 0 767
16 1 359
16 2 939
16 3 318
16 4 958
16 5 948
16 6 402
16 7 626
16 8 334
16 9 472
16 10 578
16 11 218
16 12 594
16 13 979
16 14 366
16 15 99
16 17 75
16 18 526
16 19 255
16 20 219
16 21 435
16 22 857
16 23 623
16 24 783
16 25 565
16 26 720
16 27 479
16 28 763
16 29 848
16 30 106
16 31 872
16 32 424
16 33 540
16 34 937
16 35 546
16 36 113
16 37 382
16 38 386
16 39 322
16 40 322
16 41 418
16 42 335
16 43 809
16 44 769
16 45 488
16 46 403
16 47 296
16 48 137
16 49 388
16 50 577
16 51 222
16 52 525
16 53 975
16 54 281
16 55 480
16 56 90
16 57 819
16 58 558
16 59 93
16 60 46
16 61 706
16 62 610
16 63 462
16 64 596
16 65 231
16 66 592
16 67 923
16 68 901
16 69 954
16 70 406
16 71 850
16 72 708
16 73 900
16 74 366
16 75 820
16 76 901
16 77 628
16 78 800
16 79 145
16 80 936
16 81 939
16 82 548
16 83 444
16 84 390
16 85 132
16 86 645
16 87 563
16 88 853
16 89 125
16 90 661
16 91 429
16 92 369
16 93 487
16 94 654
16 95 475
16 96 233
16 97 883
16 98 154
16 99 286
16 100 926
16 101 652
17 0 693
17 1 315
17 2 883
17 3 277
17 4 884
17 5 897
17 6 328
17 7 567
17 8 277
17 9 414
17 10 542
17 11 178
17 12 520
17 13 905
17 14 310
17 15 157
17 16 75
17 18 489
17 19 217
17 20 204
17 21 381
17 22 783
17 23 554
17 24 709
17 25 509
17 26 665
17 27 426
17 28 689
17 29 810
17 30 35
17 31 808
17 32 396
17 33 469
17 34 891
17 35 490
17 36 93
17 37 308
17 38 327
17 39 253
17 40 354
17 41 388
17 42 309
17 43 756
17 44 700
17 45 454
17 46 383
17 47 343
17 48 189
17 49 314
17 50 532
17 51 197
17 52 455
17 53 905
17 54 233
17 55 433
17 56 59
17 57 749
17 58 525
17 59 118
17 60 110
17 61 657
17 62 541
17 63 390
17 64 529
17 65 259
17 66 539
17 67 849
17 68 827
17 69 881
17 70 408
17 71 778
17 72 662
17 73 840
17 74 312
17 75 756
17 76 829
17 77 571
17 78 726
17 79 119
17 80 865
17 81 883
17 82 498
17 83 414
17 84 394
17 85 77
17 86 584
17 87 514
17 88 782
17 89 182
17 90 626
17 91 356
17 92 313
17 93 426
17 94 612
17 95 430
17 96 254
17 97 812
17 98 87
17 99 326
17 100 861
17 101 595
18 0 573
18 1 709
18 2 466
18 3 690
18 4 814
18 5 448
18 6 495
18 7 229
18 8 247
18 9 719
18 10 929
18 11 619
18 12 471
18 13 772
18 14 219
18 15 507
18 16 526
18 17 489
18 19 653
18 20 675
18 21 168
18 22 794
18 23 705
18 24 712
18 25 803
18 26 266
18 27 758
18 28 612
18 29 323
18 30 461
18 31 469
18 32 116
18 33 629
18 34 420
18 35 169
18 36 413
18 37 420
18 38 651
18 39 337
18 40 422
18 41 117
18 42 751
18 43 327
18 44 827
18 45 857
18 46 161
18 47 498
18 48 492
18 49 480
18 50 80
18 51 659
18 52 364
18 53 659
18 54 260
18 55 96
18 56 544
18 57 512
18 58 44
18 59 604
18 60 515
18 61 214
18 62 711
18 63 386
18 64 727
18 65 407
18 66 847
18 67 742
18 68 776
18 69 847
18 70 267
18 71 594
18 72 200
18 73 453
18 74 670
18 75 429
18 76 611
18 77 849
18 78 678
18 79 382
18 80 653
18 81 464
18 82 829
18 83 92
18 84 278
18 85 413
18 86 276
18 87 103
18 88 575
18 89 505
18 90 1005
18 91 507
18 92 659
18 93 220
18 94 136
18 95 794
18 96 382
18 97 586
18 98 417
18 99 455
18 100 540
18 101 229
19 0 677
19 1 106
19 2 977
19 3 63
19 4 819
19 5 1009
19 6 289
19 7 666
19 8 410
19 9 239
19 10 326
19 11 40
19 12 512
19 13 866
19 14 442
19 15 353
19 16 255
19 17 217
19 18 653
19 20 77
19 21 510
19 22 694
19 23 434
19 24 634
19 25 323
19 26 770
19 27 234
19 28 654
19 29 962
19 30 224
19 31 871
19 32 579
19 33 367
19 34 1019
19 35 604
19 36 307
19 37 321
19 38 166
19 39 337
19 40 569
19 41 570
19 42 100
19 43 865
19 44 568
19 45 238
19 46 577
19 47 550
19 48 391
19 49 285
19 50 677
19 51 51
19 52 490
19 53 916
19 54 397
19 55 576
19 56 169
19 57 774
19 58 693
19 59 190
19 60 300
19 61 782
19 62 414
19 63 415
19 64 390
19 65 475
19 66 345
19 67 804
19 68 760
19 69 800
19 70 619
19 71 776
19 72 796
19 73 922
19 74 130
19 75 820
19 76 836
19 77 386
19 78 671
19 79 328
19 80 865
19 81 978
19 82 298
19 83 593
19 84 606
19 85 268
19 86 668
19 87 650
19 88 790
19 89 380
19 90 409
19 91 309
19 92 140
19 93 525
19 94 758
19 95 222
19 96 470
19 97 825
19 98 248
19 99 538
19 100 910
19 101 698
20 0 747
20 1 171
20 2 1026
20 3 129
20 4 895
20 5 1053
20 6 357
20 7 712
20 8 440
20 9 312
20 10 365
20 11 76
20 12 580
20 13 940
20 14 474
20 15 314
20 16 219
20 17 204
20 18 675
20 19 77
20 21 544
20 22 771
20 23 511
20 24 710
20 25 392
20 26 815
20 27 302
20 28 727
20 29 992
20 30 222
20 31 928
20 32 592
20 33 443
20 34 1058
20 35 644
20 36 296
20 37 380
20 38 243
20 39 380
20 40 540
20 41 583
20 42 119
20 43 909
20 44 644
20 45 275
20 46 584
20 47 511
20 48 353
20 49 351
20 50 708
20 51 28
20 52 550
20 53 983
20 54 416
20 55 606
20 56 146
20 57 839
20 58 714
20 59 137
20 60 262
20 61 820
20 62 490
20 63 474
20 64 466
20 65 449
20 66 409
20 67 878
20 68 835
20 69 877
20 70 611
20 71 845
20 72 832
20 73 974
20 74 205
20 75 876
20 76 904
20 77 454
20 78 746
20 79 322
20 80 933
20 81 1027
20 82 360
20 83 608
20 84 596
20 85 270
20 86 718
20 87 684
20 88 857
20 89 340
20 90 447
20 91 379
20 92 216
20 93 569
20 94 789
20 95 280
20 96 448
20 97 891
20 98 259
20 99 505
20 100 970
20 101 743
21 0 455
21 1 554
21 2 505
21 3 539
21 4 692
21 5 517
21 6 327
21 7 194
21 8 106
21 9 553
21 10 767
21 11 480
21 12 324
21 13 668
21 14 72
21 15 448
21 16 435
21 17 381
21 18 168
21 19 510
21 20 544
21 22 652
21 23 540
21 24 569
21 25 636
21 26 286
21 27 593
21 28 484
21 29 454
21 30 349
21 31 450
21 32 175
21 33 462
21 34 515
21 35 111
21 36 328
21 37 253
21 38 489
21 39 177
21 40 446
21 41 166
21 42 606
21 43 375
21 44 667
21 45 699
21 46 218
21 47 505
21 48 445
21 49 313
21 50 170
21 51 524
21 52 215
21 53 596
21 54 157
21 55 74
21 56 429
21 57 438
21 58 212
21 59 498
21 60 439
21 61 278
21 62 545
21 63 222
21 64 560
21 65 395
21 66 680
21 67 629
21 68 648
21 69 717
21 70 336
21 71 501
21 72 288
21 73 467
21 74 511
21 75 400
21 76 534
21 77 681
21 78 545
21 79 299
21 80 575
21 81 504
21 82 664
21 83 167
21 84 338
21 85 307
21 86 222
21 87 141
21 88 491
21 89 454
21 90 842
21 91 339
21 92 499
21 93 81
21 94 250
21 95 633
21 96 369
21 97 511
21 98 298
21 99 463
21 100 512
21 101 218
22 0 253
22 1 626
22 2 727
22 3 657
22 4 150
22 5 811
22 6 456
22 7 600
22 8 658
22 9 486
22 10 652
22 11 704
22 12 328
22 13 247
22 14 655
22 15 933
22 16 857
22 17 783
22 18 794
22 19 694
22 20 771
22 21 652
22 23 267
22 24 84
22 25 462
22 26 655
22 27 522
22 28 196
22 29 927
22 30 757
22 31 563
22 32 827
22 33 328
22 34 875
22 35 628
22 36 812
22 37 492
22 38 531
22 39 589
22 40 1048
22 41 816
22 42 719
22 43 715
22 44 189
22 45 662
22 46 867
22 47 1080
22 48 955
22 49 471
22 50 743
22 51 744
22 52 438
22 53 425
22 54 720
22 55 705
22 56 783
22 57 403
22 58 830
22 59 846
22 60 891
22 61 726
22 62 291
22 63 450
22 64 325
22 65 969
22 66 487
22 67 192
22 68 101
22 69 109
22 70 979
22 71 316
22 72 764
22 73 654
22 74 574
22 75 542
22 76 368
22 77 436
22 78 128
22 79 803
22 80 360
22 81 733
22 82 525
22 83 818
22 84 978
22 85 757
22 86 556
22 87 705
22 88 352
22 89 954
22 90 670
22 91 428
22 92 560
22 93 580
22 94 786
22 95 580
22 96 947
22 97 380
22 98 722
22 99 1046
22 100 541
22 101 622
23 0 352
23 1 360
23 2 802
23 3 392
23 4 406
23 5 868
23 6 247
23 7 572
23 8 505
23 9 220
23 10 407
23 11 448
23 12 273
23 13 478
23 14 515
23 15 709
23 16 623
23 17 554
23 18 705
23 19 434
23 20 511
23 21 540
23 22 267
23 24 224
23 25 212
23 26 659
23 27 259
23 28 301
23 29 922
23 30 533
23 31 650
23 32 701
23 33 88
23 34 913
23 35 563
23 36 601
23 37 310
23 38 269
23 39 416
23 40 861
23 41 690
23 42 453
23 43 743
23 44 148
23 45 403
23 46 730
23 47 878
23 48 737
23 49 264
23 50 678
23 51 484
23 52 355
23 53 595
23 54 552
23 55 609
23 56 542
23 57 502
23 58 747
23 59 599
23 60 663
23 61 712
23 62 27
23 63 319
23 64 64
23 65 772
23 66 247
23 67 414
23 68 347
23 69 375
23 70 827
23 71 454
23 72 744
23 73 731
23 74 310
23 75 611
23 76 520
23 77 209
23 78 283
23 79 599
23 80 532
23 81 806
23 82 273
23 83 699
23 84 822
23 85 544
23 86 542
23 87 639
23 88 483
23 89 733
23 90 444
23 91 222
23 92 297
23 93 489
23 94 742
23 95 318
23 96 755
23 97 519
23 98 508
23 99 850
23 100 658
23 101 602
24 0 190
24 1 573
24 2 671
24 3 601
24 4 187
24 5 752
24 6 382
24 7 522
24 8 576
24 9 441
24 10 627
24 11 641
24 12 245
24 13 256
24 14 572
24 15 857
24 16 783
24 17 709
24 18 712
24 19 634
24 20 710
24 21 569
24 22 84
24 23 224
24 25 432
24 26 583
24 27 481
24 28 129
24 29 856
24 30 682
24 31 509
24 32 743
24 33 268
24 34 812
24 35 547
24 36 734
24 37 413
24 38 475
24 39 508
24 40 967
24 41 733
24 42 668
24 43 648
24 44 197
24 45 626
24 46 783
24 47 1000
24 48 878
24 49 396
24 50 663
24 51 682
24 52 355
24 53 399
24 54 638
24 55 623
24 56 712
24 57 348
24 58 749
24 59 778
24 60 817
24 61 651
24 62 250
24 63 367
24 64 287
24 65 888
24 66 463
24 67 192
24 68 127
24 69 172
24 70 896
24 71 272
24 72 689
24 73 598
24 74 519
24 75 482
24 76 332
24 77 417
24 78 74
24 79 724
24 80 333
24 81 677
24 82 495
24 83 735
24 84 895
24 85 680
24 86 480
24 87 624
24 88 306
24 89 877
24 90 655
24 91 354
24 92 505
24 93 497
24 94 708
24 95 541
24 96 866
24 97 339
24 98 645
24 99 966
24 100 496
24 101 546
25 0 558
25 1 221
25 2 983
25 3 264
25 4 608
25 5 1042
25 6 310
25 7 719
25 8 569
25 9 97
25 10 196
25 11 353
25 12 449
25 13 687
25 14 590
25 15 662
25 16 565
25 17 509
25 18 803
25 19 323
25 20 392
25 21 636
25 22 462
25 23 212
25 24 432
25 26 817
25 27 90
25 28 510
25 29 1064
25 30 500
25 31 841
25 32 769
25 33 217
25 34 1077
25 35 690
25 36 582
25 37 384
25 38 184
25 39 473
25 40 855
25 41 758
25 42 299
25 43 907
25 44 290
25 45 202
25 46 787
25 47 851
25 48 696
25 49 323
25 50 796
25 51 371
25 52 499
25 53 804
25 54 595
25 55 710
25 56 476
25 57 701
25 58 847
25 59 511
25 60 609
25 61 857
25 62 186
25 63 440
25 64 148
25 65 760
25 66 45
25 67 623
25 68 552
25 69 568
25 70 863
25 71 662
25 72 884
25 73 915
25 74 199
25 75 797
25 76 727
25 77 64
25 78 494
25 79 591
25 80 742
25 81 987
25 82 64
25 83 774
25 84 853
25 85 529
25 86 699
25 87 759
25 88 688
25 89 687
25 90 239
25 91 301
25 92 197
25 93 608
25 94 869
25 95 129
25 96 749
25 97 725
25 98 496
25 99 832
25 100 856
25 101 752
26 0 405
26 1 794
26 2 220
26 3 788
26 4 631
26 5 239
26 6 527
26 7 105
26 8 389
26 9 753
26 10 981
26 11 746
26 12 386
26 13 564
26 14 356
26 15 728
26 16 720
26 17 665
26 18 266
26 19 770
26 20 815
26 21 286
26 22 655
26 23 659
26 24 583
26 25 817
26 27 799
26 28 460
26 29 273
26 30 632
26 31 206
26 32 372
26 33 607
26 34 261
26 35 175
26 36 612
26 37 465
26 38 710
26 39 436
26 40 683
26 41 369
26 42 861
26 43 96
26 44 745
26 45 927
26 46 422
26 47 755
26 48 722
26 49 520
26 50 186
26 51 792
26 52 318
26 53 413
26 54 441
26 55 253
26 56 711
26 57 290
26 58 274
26 59 781
26 60 723
26 61 79
26 62 674
26 63 384
26 64 702
26 65 654
26 66 861
26 67 550
26 68 608
26 69 679
26 70 533
26 71 385
26 72 118
26 73 190
26 74 742
26 75 173
26 76 382
26 77 846
26 78 528
26 79 583
26 80 422
26 81 219
26 82 860
26 83 349
26 84 543
26 85 591
26 86 119
26 87 175
26 88 358
26 89 732
26 90 1047
26 91 525
26 92 728
26 93 247
26 94 167
26 95 849
26 96 628
26 97 356
26 98 581
26 99 711
26 100 278
26 101 73
27 0 583
27 1 131
27 2 979
27 3 174
27 4 664
27 5 1031
27 6 275
27 7 698
27 8 516
27 9 48
27 10 183
27 11 265
27 12 452
27 13 734
27 14 540
27 15 577
27 16 479
27 17 426
27 18 758
27 19 234
27 20 302
27 21 593
27 22 522
27 23 259
27 24 481
27 25 90
27 26 799
27 28 542
27 29 1034
27 30 420
27 31 845
27 32 713
27 33 233
27 34 1059
27 35 659
27 36 504
27 37 345
27 38 111
27 39 422
27 40 776
27 41 703
27 42 212
27 43 892
27 44 365
27 45 148
27 46 726
27 47 769
27 48 612
27 49 285
27 50 758
27 51 282
27 52 483
27 53 832
27 54 534
27 55 667
27 56 390
27 57 716
27 58 801
27 59 423
27 60 524
27 61 832
27 62 233
27 63 416
27 64 198
27 65 682
27 66 114
27 67 670
27 68 606
27 69 631
27 70 795
27 71 688
27 72 856
27 73 914
27 74 115
27 75 799
27 76 753
27 77 153
27 78 537
27 79 516
27 80 772
27 81 982
27 82 76
27 83 720
27 84 784
27 85 453
27 86 683
27 87 724
27 88 711
27 89 603
27 90 251
27 91 275
27 92 115
27 93 576
27 94 835
27 95 61
27 96 672
27 97 748
27 98 421
27 99 751
27 100 867
27 101 731
28 0 62
28 1 613
28 2 543
28 3 633
28 4 210
28 5 623
28 6 374
28 7 408
28 8 511
28 9 497
28 10 705
28 11 653
28 12 175
28 13 217
28 14 500
28 15 826
28 16 763
28 17 689
28 18 612
28 19 654
28 20 727
28 21 484
28 22 196
28 23 301
28 24 129
28 25 510
28 26 460
28 27 542
28 29 731
28 30 659
28 31 381
28 32 658
28 33 311
28 34 684
28 35 444
28 36 698
28 37 382
28 38 511
28 39 460
28 40 907
28 41 648
28 42 705
28 43 521
28 44 318
28 45 690
28 46 701
28 47 950
28 48 842
28 49 384
28 50 556
28 51 699
28 52 275
28 53 295
28 54 578
28 55 529
28 56 702
28 57 221
28 58 646
28 59 773
28 60 792
28 61 531
28 62 326
28 63 311
28 64 364
28 65 836
28 66 547
28 67 160
28 68 165
28 69 236
28 70 818
28 71 155
28 72 569
28 73 470
28 74 555
28 75 353
28 76 220
28 77 509
28 78 70
28 79 683
28 80 232
28 81 548
28 82 571
28 83 646
28 84 819
28 85 647
28 86 363
28 87 518
28 88 186
28 89 843
28 90 744
28 91 350
28 92 539
28 93 406
28 94 593
28 95 603
28 96 812
28 97 222
28 98 616
28 99 912
28 100 372
28 101 429
29 0 675
29 1 1007
29 2 300
29 3 993
29 4 894
29 5 223
29 6 760
29 7 351
29 8 553
29 9 991
29 10 1213
29 11 932
29 12 653
29 13 816
29 14 521
29 15 825
29 16 848
29 17 810
29 18 323
29 19 962
29 20 992
29 21 454
29 22 927
29 23 922
29 24 856
29 25 1064
29 26 273
29 27 1034
29 28 731
29 30 782
29 31 415
29 32 429
29 33 863
29 34 149
29 35 376
29 36 735
29 37 690
29 38 935
29 39 630
29 40 701
29 41 433
29 42 1059
29 43 221
29 44 1015
29 45 1150
29 46 462
29 47 783
29 48 806
29 49 749
29 50 286
29 51 973
29 52 571
29 53 636
29 54 579
29 55 387
29 56 865
29 57 546
29 58 291
29 59 926
29 60 836
29 61 211
29 62 936
29 63 625
29 64 960
29 65 710
29 66 1109
29 67 811
29 68 875
29 69 945
29 70 532
29 71 644
29 72 180
29 73 341
29 74 961
29 75 408
29 76 626
29 77 1099
29 78 800
29 79 704
29 80 662
29 81 293
29 82 1101
29 83 407
29 84 548
29 85 735
29 86 384
29 87 315
29 88 612
29 89 820
29 90 1284
29 91 764
29 92 949
29 93 459
29 94 205
29 95 1079
29 96 686
29 97 602
29 98 736
29 99 742
29 100 477
29 101 321
30 0 661
30 1 316
30 2 850
30 3 280
30 4 855
30 5 865
30 6 302
30 7 534
30 8 244
30 9 404
30 10 546
30 11 185
30 12 489
30 13 874
30 14 277
30 15 178
30 16 106
30 17 35
30 18 461
30 19 224
30 20 222
30 21 349
30 22 757
30 23 533
30 24 682
30 25 500
30 26 632
30 27 420
30 28 659
30 29 782
30 31 774
30 32 372
30 33 447
30 34 860
30 35 457
30 36 85
30 37 278
30 38 317
30 39 219
30 40 357
30 41 364
30 42 320
30 43 723
30 44 679
30 45 459
30 46 362
30 47 354
30 48 205
30 49 287
30 50 502
30 51 211
30 52 421
30 53 871
30 54 204
30 55 402
30 56 83
30 57 715
30 58 498
30 59 150
30 60 135
30 61 625
30 62 521
30 63 357
30 64 511
30 65 262
30 66 532
30 67 818
30 68 798
30 69 853
30 70 396
30 71 745
30 72 631
30 73 806
30 74 307
30 75 722
30 76 796
30 77 562
30 78 697
30 79 104
30 80 831
30 81 850
30 82 494
30 83 389
30 84 383
30 85 49
30 86 550
30 87 483
30 88 749
30 89 201
30 90 629
30 91 329
30 92 305
30 93 392
30 94 582
30 95 428
30 96 253
30 97 779
30 98 53
30 99 333
30 100 827
30 101 562
31 0 320
31 1 871
31 2 164
31 3 875
31 4 497
31 5 251
31 6 594
31 7 260
31 8 542
31 9 797
31 10 1024
31 11 854
31 12 394
31 13 408
31 14 512
31 15 896
31 16 872
31 17 808
31 18 469
31 19 871
31 20 928
31 21 450
31 22 563
31 23 650
31 24 509
31 25 841
31 26 206
31 27 845
31 28 381
31 29 415
31 30 774
31 32 569
31 33 624
31 34 324
31 35 344
31 36 771
31 37 551
31 38 775
31 39 560
31 40 878
31 41 565
31 42 950
31 43 197
31 44 697
31 45 986
31 46 619
31 47 945
31 48 895
31 49 593
31 50 390
31 51 902
31 52 381
31 53 223
31 54 604
31 55 439
31 56 846
31 57 161
31 58 480
31 59 920
31 60 882
31 61 278
31 62 671
31 63 457
31 64 705
31 65 840
31 66 883
31 67 414
31 68 491
31 69 556
31 70 734
31 71 251
31 72 313
31 73 92
31 74 814
31 75 53
31 76 218
31 77 855
31 78 440
31 79 744
31 80 251
31 81 170
31 82 893
31 83 547
31 84 743
31 85 740
31 86 229
31 87 372
31 88 216
31 89 903
31 90 1079
31 91 583
31 92 799
31 93 386
31 94 371
31 95 902
31 96 813
31 97 197
31 98 722
31 99 902
31 100 72
31 101 246
32 0 627
32 1 648
32 2 579
32 3 623
32 4 866
32 5 563
32 6 469
32 7 315
32 8 201
32 9 679
32 10 875
32 11 543
32 12 499
32 13 836
32 14 187
32 15 396
32 16 424
32 17 396
32 18 116
32 19 579
32 20 592
32 21 175
32 22 827
32 23 701
32 24 743
32 25 769
32 26 372
32 27 713
32 28 658
32 29 429
32 30 372
32 31 569
32 33 618
32 34 534
32 35 238
32 36 312
32 37 397
32 38 603
32 39 297
32 40 311
32 41 12
32 42 678
32 43 439
32 44 834
32 45 797
32 46 51
32 47 385
32 48 379
32 49 453
32 50 189
32 51 578
32 52 389
32 53 745
32 54 184
32 55 138
32 56 453
32 57 591
32 58 138
32 59 507
32 60 409
32 61 327
32 62 703
32 63 389
32 64 713
32 65 292
32 66 811
32 67 800
32 68 822
32 69 892
32 70 170
32 71 664
32 72 314
32 73 561
32 74 616
32 75 525
32 76 689
32 77 821
32 78 720
32 79 282
32 80 731
32 81 577
32 82 788
32 83 25
32 84 176
32 85 323
32 86 357
32 87 198
32 88 650
32 89 392
32 90 955
32 91 487
32 92 607
32 93 252
32 94 251
32 95 743
32 96 267
32 97 665
32 98 334
32 99 341
32 100 638
32 101 324
33 0 351
33 1 307
33 2 767
33 3 334
33 4 455
33 5 827
33 6 159
33 7 514
33 8 421
33 9 187
33 10 404
33 11 376
33 12 232
33 13 511
33 14 432
33 15 624
33 16 540
33 17 469
33 18 629
33 19 367
33 20 443
33 21 462
33 22 328
33 23 88
33 24 268
33 25 217
33 26 607
33 27 233
33 28 311
33 29 863
33 30 447
33 31 624
33 32 618
33 34 865
33 35 495
33 36 514
33 37 224
33 38 208
33 39 329
33 40 773
33 41 607
33 42 401
33 43 695
33 44 235
33 45 380
33 46 646
33 47 790
33 48 651
33 49 176
33 50 608
33 51 416
33 52 293
33 53 600
33 54 465
33 55 533
33 56 461
33 57 487
33 58 672
33 59 521
33 60 579
33 61 653
33 62 86
33 63 246
33 64 100
33 65 685
33 66 261
33 67 447
33 68 395
33 69 434
33 70 741
33 71 456
33 72 683
33 73 699
33 74 252
33 75 580
33 76 521
33 77 240
33 78 313
33 79 512
33 80 540
33 81 771
33 82 271
33 83 618
33 84 735
33 85 457
33 86 489
33 87 570
33 88 479
33 89 647
33 90 455
33 91 135
33 92 237
33 93 418
33 94 676
33 95 293
33 96 667
33 97 516
33 98 421
33 99 762
33 100 640
33 101 546
34 0 624
34 1 1050
34 2 175
34 3 1042
34 4 820
34 5 85
34 6 786
34 7 362
34 8 620
34 9 1013
34 10 1241
34 11 992
34 12 640
34 13 730
34 14 586
34 15 926
34 16 937
34 17 891
34 18 420
34 19 1019
34 20 1058
34 21 515
34 22 875
34 23 913
34 24 812
34 25 1077
34 26 261
34 27 1059
34 28 684
34 29 149
34 30 860
34 31 324
34 32 534
34 33 865
34 35 416
34 36 825
34 37 722
34 38 968
34 39 682
34 40 826
34 41 536
34 42 1112
34 43 171
34 44 988
34 45 1186
34 46 575
34 47 907
34 48 912
34 49 778
34 50 361
34 51 1037
34 52 578
34 53 535
34 54 659
34 55 459
34 56 942
34 57 476
34 58 400
34 59 1008
34 60 931
34 61 238
34 62 930
34 63 644
34 64 959
34 65 824
34 66 1121
34 67 736
34 68 810
34 69 877
34 70 659
34 71 571
34 72 230
34 73 236
34 74 1000
34 75 334
34 76 541
34 77 1105
34 78 749
34 79 794
34 80 572
34 81 168
34 82 1120
34 83 510
34 84 674
34 85 815
34 86 378
34 87 377
34 88 537
34 89 924
34 90 1307
34 91 785
34 92 986
34 93 496
34 94 286
34 95 1109
34 96 799
34 97 519
34 98 811
34 99 864
34 100 374
34 101 329
35 0 404
35 1 637
35 2 394
35 3 627
35 4 645
35 5 410
35 6 385
35 7 85
35 8 214
35 9 615
35 10 838
35 11 577
35 12 311
35 13 605
35 14 181
35 15 558
35 16 546
35 17 490
35 18 169
35 19 604
35 20 644
35 21 111
35 22 628
35 23 563
35 24 547
35 25 690
35 26 175
35 27 659
35 28 444
35 29 376
35 30 457
35 31 344
35 32 238
35 33 495
35 34 416
35 36 439
35 37 315
35 38 561
35 39 267
35 40 538
35 41 231
35 42 697
35 43 267
35 44 674
35 45 777
35 46 288
35 47 603
35 48 554
35 49 374
35 50 118
35 51 623
35 52 210
35 53 507
35 54 268
35 55 101
35 56 536
35 57 353
35 58 203
35 59 607
35 60 550
35 61 179
35 62 573
35 63 252
35 64 594
35 65 497
35 66 735
35 67 574
35 68 607
35 69 679
35 70 407
35 71 429
35 72 198
35 73 357
35 74 589
35 75 296
35 76 452
35 77 728
35 78 511
35 79 410
35 80 494
35 81 394
35 82 725
35 83 220
35 84 414
35 85 417
35 86 121
35 87 79
35 88 413
35 89 563
35 90 909
35 91 389
35 92 576
35 93 84
35 94 181
35 95 704
35 96 470
35 97 428
35 98 406
35 99 560
35 100 409
35 101 107
36 0 694
36 1 400
36 2 831
36 3 364
36 4 900
36 5 837
36 6 361
36 7 520
36 8 230
36 9 486
36 10 630
36 11 268
36 12 524
36 13 910
36 14 261
36 15 131
36 16 113
36 17 93
36 18 413
36 19 307
36 20 296
36 21 328
36 22 812
36 23 601
36 24 734
36 25 582
36 26 612
36 27 504
36 28 698
36 29 735
36 30 85
36 31 771
36 32 312
36 33 514
36 34 825
36 35 439
36 37 322
36 38 399
36 39 240
36 40 274
36 41 306
36 42 401
36 43 699
36 44 748
36 45 543
36 46 295
36 47 278
36 48 145
36 49 344
36 50 464
36 51 289
36 52 443
36 53 888
36 54 172
36 55 368
36 56 151
36 57 730
36 58 446
36 59 196
36 60 112
36 61 595
36 62 591
36 63 388
36 64 585
36 65 179
36 66 615
36 67 857
36 68 845
36 69 904
36 70 315
36 71 769
36 72 596
36 73 794
36 74 391
36 75 720
36 76 816
36 77 643
36 78 742
36 79 32
36 80 854
36 81 831
36 82 578
36 83 332
36 84 301
36 85 57
36 86 543
36 87 451
36 88 770
36 89 146
36 90 713
36 91 388
36 92 389
36 93 385
36 94 541
36 95 513
36 96 168
36 97 797
36 98 93
36 99 253
36 100 829
36 101 545
37 0 387
37 1 330
37 2 662
37 3 328
37 4 580
37 5 702
37 6 75
37 7 361
37 8 198
37 9 303
37 10 524
37 11 305
37 12 213
37 13 597
37 14 211
37 15 447
37 16 382
37 17 308
37 18 420
37 19 321
37 20 380
37 21 253
37 22 492
37 23 310
37 24 413
37 25 384
37 26 465
37 27 345
37 28 382
37 29 690
37 30 278
37 31 551
37 32 397
37 33 224
37 34 722
37 35 315
37 36 322
37 38 248
37 39 107
37 40 562
37 41 386
37 42 402
37 43 559
37 44 451
37 45 464
37 46 422
37 47 589
37 48 466
37 49 61
37 50 414
37 51 354
37 52 170
37 53 609
37 54 243
37 55 326
37 56 325
37 57 460
37 58 464
37 59 398
37 60 411
37 61 490
37 62 309
37 63 95
37 64 317
37 65 478
37 66 428
37 67 541
37 68 524
37 69 582
37 70 518
37 71 475
37 72 513
37 73 604
37 74 278
37 75 500
37 76 531
37 77 430
37 78 421
37 79 312
37 80 564
37 81 664
37 82 414
37 83 398
37 84 513
37 85 269
37 86 354
37 87 379
37 88 484
37 89 466
37 90 596
37 91 91
37 92 264
37 93 231
37 94 490
37 95 390
37 96 458
37 97 516
37 98 236
37 99 557
37 100 591
37 101 394
38 0 542
38 1 103
38 2 900
38 3 126
38 4 662
38 5 945
38 6 185
38 7 607
38 8 408
38 9 88
38 10 279
38 11 186
38 12 391
38 13 717
38 14 433
38 15 481
38 16 386
38 17 327
38 18 651
38 19 166
38 20 243
38 21 489
38 22 531
38 23 269
38 24 475
38 25 184
38 26 710
38 27 111
38 28 511
38 29 935
38 30 317
38 31 775
38 32 603
38 33 208
38 34 968
38 35 561
38 36 399
38 37 248
38 39 315
38 40 672
38 41 593
38 42 195
38 43 804
38 44 403
38 45 218
38 46 616
38 47 669
38 48 515
38 49 191
38 50 656
38 51 217
38 52 401
38 53 788
38 54 423
38 55 562
38 56 298
38 57 659
38 58 695
38 59 343
38 60 430
38 61 737
38 62 248
38 63 328
38 64 224
38 65 577
38 66 219
38 67 653
38 68 602
38 69 639
38 70 684
38 71 645
38 72 759
38 73 838
38 74 45
38 75 727
38 76 708
38 77 246
38 78 519
38 79 409
38 80 732
38 81 902
38 82 186
38 83 611
38 84 674
38 85 346
38 86 597
38 87 623
38 88 664
38 89 507
38 90 355
38 91 193
38 92 30
38 93 478
38 94 734
38 95 145
38 96 566
38 97 700
38 98 314
38 99 649
38 100 805
38 101 640
39 0 454
39 1 377
39 2 648
39 3 363
39 4 666
39 5 674
39 6 175
39 7 333
39 8 97
39 9 385
39 10 593
39 11 311
39 12 286
39 13 671
39 14 119
39 15 370
39 16 322
39 17 253
39 18 337
39 19 337
39 20 380
39 21 177
39 22 589
39 23 416
39 24 508
39 25 473
39 26 436
39 27 422
39 28 460
39 29 630
39 30 219
39 31 560
39 32 297
39 33 329
39 34 682
39 35 267
39 36 240
39 37 107
39 38 315
39 40 460
39 41 286
39 42 432
39 43 530
39 44 557
39 45 523
39 46 319
39 47 493
39 48 383
39 49 158
39 50 346
39 51 357
39 52 205
39 53 654
39 54 137
39 55 249
39 56 287
39 57 497
39 58 380
39 59 361
39 60 342
39 61 445
39 62 414
39 63 150
39 64 421
39 65 380
39 66 516
39 67 619
39 68 612
39 69 674
39 70 412
39 71 531
39 72 461
39 73 599
39 74 335
39 75 508
39 76 580
