nnodes narcs type
102 10302 digraph
nodename posx posy
0 531 260
1 804 933
2 255 733
3 904 225
4 52 939
5 866 499
6 505 853
7 363 279
8 592 713
9 157 631
10 58 726
11 127 735
12 720 881
13 114 208
14 525 520
15 551 961
16 236 280
17 358 200
18 757 277
19 234 493
20 3 665
21 441 28
22 108 609
23 726 804
24 74 837
25 145 127
26 852 41
27 355 40
28 933 33
29 16 676
30 152 997
31 377 587
32 598 628
33 873 341
34 980 26
35 824 286
36 645 730
37 167 609
38 267 748
39 820 454
40 905 684
41 400 921
42 980 475
43 701 633
44 557 575
45 129 821
46 362 704
47 818 692
48 291 370
49 793 28
50 148 778
51 295 10
52 511 675
53 112 186
54 806 743
55 226 309
56 97 54
57 622 663
58 757 405
59 68 311
60 288 761
61 547 750
62 147 466
63 738 243
64 490 848
65 957 506
66 364 481
67 200 153
68 449 500
69 72 712
70 295 16
71 640 216
72 60 938
73 615 41
74 24 38
75 802 130
76 497 228
77 107 171
78 434 477
79 101 865
80 523 274
81 612 43
82 954 816
83 956 16
84 329 568
85 822 496
86 814 11
87 317 591
88 215 338
89 775 990
90 660 80
91 726 484
92 373 975
93 709 199
94 536 465
95 88 267
96 654 570
97 921 488
98 876 537
99 46 287
100 777 15
101 710 400
tail head weight
0 1 727
0 2 548
0 3 375
0 4 831
0 5 412
0 6 594
0 7 170
0 8 458
0 9 527
0 10 664
0 11 624
0 12 650
0 13 421
0 14 261
0 15 702
0 16 296
0 17 184
0 18 227
0 19 378
0 20 666
0 21 249
0 22 549
0 23 578
0 24 737
0 25 409
0 26 389
0 27 282
0 28 462
0 29 663
0 30 829
0 31 362
0 32 375
0 33 352
0 34 507
0 35 295
0 36 484
0 37 505
0 38 555
0 39 349
0 40 566
0 41 674
0 42 498
0 43 410
0 44 317
0 45 691
0 46 476
0 47 519
0 48 265
0 49 350
0 50 645
0 51 344
0 52 416
0 53 426
0 54 556
0 55 309
0 56 481
0 57 414
0 58 269
0 59 466
0 60 557
0 61 491
0 62 436
0 63 208
0 64 590
0 65 492
0 66 278
0 67 348
0 68 254
0 69 645
0 70 340
0 71 118
0 72 826
0 73 235
0 74 554
0 75 301
0 76 47
0 77 434
0 78 238
0 79 743
0 80 17
0 81 232
0 82 699
0 83 491
0 84 369
0 85 375
0 86 377
0 87 395
0 88 326
0 89 770
0 90 222
0 91 297
0 92 733
0 93 189
0 94 206
0 95 444
0 96 334
0 97 452
0 98 443
0 99 486
0 100 348
0 101 228
1 0 727
1 2 585
1 3 716
1 4 753
1 5 439
1 6 310
1 7 789
1 8 306
1 9 715
1 10 775
1 11 706
1 12 99
1 13 1001
1 14 499
1 15 255
1 16 866
1 17 859
1 18 658
1 19 721
1 20 845
1 21 976
1 22 768
1 23 151
1 24 737
1 25 1042
1 26 894
1 27 1000
1 28 910
1 29 829
1 30 656
1 31 550
1 32 369
1 33 597
1 34 924
1 35 648
1 36 258
1 37 715
1 38 568
1 39 480
1 40 269
1 41 405
1 42 491
1 43 318
1 44 435
1 45 685
1 46 498
1 47 242
1 48 762
1 49 906
1 50 675
1 51 1055
1 52 391
1 53 1019
1 54 191
1 55 851
1 56 1129
1 57 326
1 58 531
1 59 964
1 60 544
1 61 316
1 62 807
1 63 694
1 64 326
1 65 454
1 66 631
1 67 987
1 68 560
1 69 765
1 70 1049
1 71 736
1 72 745
1 73 912
1 74 1188
1 75 804
1 76 769
1 77 1033
1 78 588
1 79 707
1 80 717
1 81 911
1 82 191
1 83 930
1 84 600
1 85 438
1 86 923
1 87 596
1 88 838
1 89 64
1 90 866
1 91 456
1 92 434
1 93 741
1 94 540
1 95 978
1 96 393
1 97 461
1 98 403
1 99 996
1 100 919
1 101 542
2 0 548
2 1 585
2 3 825
2 4 290
2 5 655
2 6 278
2 7 467
2 8 338
2 9 142
2 10 198
2 11 129
2 12 488
2 13 544
2 14 344
2 15 374
2 16 454
2 17 543
2 18 679
2 19 241
2 20 262
2 21 730
2 22 193
2 23 477
2 24 209
2 25 616
2 26 914
2 27 701
2 28 975
2 29 246
2 30 284
2 31 191
2 32 359
2 33 732
2 34 1013
2 35 724
2 36 391
2 37 153
2 38 20
2 39 631
2 40 652
2 41 238
2 42 770
2 43 458
2 44 341
2 45 154
2 46 111
2 47 565
2 48 365
2 49 887
2 50 117
2 51 725
2 52 263
2 53 566
2 54 552
2 55 425
2 56 698
2 57 374
2 58 600
2 59 462
2 60 44
2 61 293
2 62 289
2 63 689
2 64 262
2 65 738
2 66 275
2 67 583
2 68 304
2 69 185
2 70 719
2 71 645
2 72 283
2 73 781
2 74 733
2 75 815
2 76 560
2 77 582
2 78 313
2 79 203
2 80 532
2 81 777
2 82 704
2 83 1003
2 84 181
2 85 615
2 86 914
2 87 155
2 88 398
2 89 581
2 90 769
2 91 533
2 92 270
2 93 701
2 94 389
2 95 496
2 96 432
2 97 710
2 98 652
2 99 493
2 100 888
2 101 564
3 0 375
3 1 716
3 2 825
3 4 1112
3 5 277
3 6 745
3 7 544
3 8 580
3 9 851
3 10 984
3 11 930
3 12 682
3 13 791
3 14 481
3 15 817
3 16 671
3 17 547
3 18 156
3 19 722
3 20 1003
3 21 504
3 22 884
3 23 606
3 24 1032
3 25 766
3 26 192
3 27 580
3 28 195
3 29 996
3 30 1078
3 31 640
3 32 507
3 33 121
3 34 214
3 35 101
3 36 568
3 37 832
3 38 825
3 39 244
3 40 460
3 41 860
3 42 262
3 43 456
3 44 493
3 45 978
3 46 724
3 47 475
3 48 630
3 49 227
3 50 937
3 51 646
3 52 598
3 53 793
3 54 528
3 55 684
3 56 825
3 57 521
3 58 233
3 59 841
3 60 817
3 61 635
3 62 795
3 63 167
3 64 749
3 65 286
3 66 598
3 67 708
3 68 532
3 69 965
3 70 644
3 71 265
3 72 1105
3 73 343
3 74 900
3 75 140
3 76 408
3 77 799
3 78 534
3 79 1027
3 80 385
3 81 345
3 82 594
3 83 216
3 84 670
3 85 284
3 86 233
3 87 692
3 88 699
3 89 776
3 90 284
3 91 315
3 92 919
3 93 197
3 94 440
3 95 818
3 96 427
3 97 264
3 98 314
3 99 861
3 100 246
3 101 262
4 0 831
4 1 753
4 2 290
4 3 1112
4 5 926
4 6 462
4 7 730
4 8 586
4 9 326
4 10 214
4 11 218
4 12 671
4 13 734
4 14 632
4 15 500
4 16 685
4 17 800
4 18 968
4 19 482
4 20 279
4 21 991
4 22 335
4 23 688
4 24 105
4 25 818
4 26 1203
4 27 949
4 28 1264
4 29 266
4 30 116
4 31 480
4 32 629
4 33 1016
4 34 1302
4 35 1012
4 36 629
4 37 350
4 38 288
4 39 909
4 40 891
4 41 349
4 42 1038
4 43 718
4 44 623
4 45 141
4 46 390
4 47 805
4 48 618
4 49 1175
4 50 188
4 51 961
4 52 530
4 53 756
4 54 780
4 55 654
4 56 887
4 57 634
4 58 885
4 59 629
4 60 296
4 61 530
4 62 483
4 63 978
4 64 448
4 65 1004
4 66 555
4 67 800
4 68 592
4 69 228
4 70 955
4 71 932
4 72 9
4 73 1060
4 74 902
4 75 1104
4 76 839
4 77 770
4 78 600
4 79 89
4 80 815
4 81 1057
4 82 911
4 83 1292
4 84 464
4 85 889
4 86 1201
4 87 438
4 88 623
4 89 725
4 90 1053
4 91 814
4 92 324
4 93 990
4 94 678
4 95 673
4 96 707
4 97 980
4 98 917
4 99 653
4 100 1175
4 101 851
5 0 412
5 1 439
5 2 655
5 3 277
5 4 926
5 6 506
5 7 550
5 8 348
5 9 722
5 10 840
5 11 776
5 12 409
5 13 807
5 14 342
5 15 560
5 16 667
5 17 590
5 18 248
5 19 633
5 20 879
5 21 635
5 22 766
5 23 336
5 24 862
5 25 812
5 26 459
5 27 687
5 28 471
5 29 869
5 30 871
5 31 497
5 32 298
5 33 159
5 34 487
5 35 218
5 36 320
5 37 708
5 38 649
5 39 65
5 40 190
5 41 629
5 42 117
5 43 213
5 44 319
5 45 805
5 46 545
5 47 199
5 48 590
5 49 477
5 50 771
5 51 752
5 52 397
5 53 817
5 54 252
5 55 668
5 56 889
5 57 294
5 58 144
5 59 820
5 60 635
5 61 406
5 62 720
5 63 287
5 64 514
5 65 92
5 66 503
5 67 751
5 68 418
5 69 823
5 70 748
5 71 363
5 72 918
5 73 523
5 74 960
5 75 375
5 76 458
5 77 827
5 78 433
5 79 849
5 80 411
5 81 522
5 82 329
5 83 492
5 84 542
5 85 45
5 86 491
5 87 557
5 88 671
5 89 500
5 90 467
5 91 141
5 92 686
5 93 339
5 94 332
5 95 812
5 96 224
5 97 57
5 98 40
5 99 847
5 100 493
5 101 185
6 0 594
6 1 310
6 2 278
6 3 745
6 4 462
6 5 506
6 7 592
6 8 165
6 9 413
6 10 465
6 11 396
6 12 217
6 13 755
6 14 334
6 15 118
6 16 634
6 17 670
6 18 629
6 19 451
6 20 537
6 21 828
6 22 466
6 23 227
6 24 432
6 25 811
6 26 884
6 27 827
6 28 925
6 29 521
6 30 382
6 31 296
6 32 244
6 33 631
6 34 954
6 35 651
6 36 187
6 37 417
6 38 261
6 39 509
6 40 435
6 41 126
6 42 608
6 43 295
6 44 283
6 45 378
6 46 207
6 47 352
6 48 529
6 49 874
6 50 365
6 51 869
6 52 179
6 53 775
6 54 321
6 55 612
6 56 898
6 57 224
6 58 515
6 59 697
6 60 236
6 61 112
6 62 528
6 63 653
6 64 16
6 65 570
6 66 398
6 67 764
6 68 358
6 69 456
6 70 863
6 71 652
6 72 454
6 73 820
6 74 947
6 75 782
6 76 626
6 77 790
6 78 383
6 79 405
6 80 580
6 81 818
6 82 451
6 83 951
6 84 335
6 85 478
6 86 897
6 87 323
6 88 592
6 89 303
6 90 789
6 91 431
6 92 180
6 93 686
6 94 390
6 95 720
6 96 320
6 97 554
6 98 488
6 99 729
6 100 882
6 101 498
7 0 170
7 1 789
7 2 467
7 3 544
7 4 730
7 5 550
7 6 592
7 8 491
7 9 408
7 10 542
7 11 514
7 12 700
7 13 259
7 14 291
7 15 708
7 16 128
7 17 80
7 18 395
7 19 250
7 20 528
7 21 263
7 22 418
7 23 639
7 24 629
7 25 266
7 26 544
7 27 240
7 28 621
7 29 528
7 30 749
7 31 309
7 32 421
7 33 514
7 34 667
7 35 462
7 36 532
7 37 384
7 38 479
7 39 490
7 40 677
7 41 644
7 42 648
7 43 490
7 44 354
7 45 591
7 46 426
7 47 615
7 48 117
7 49 498
7 50 544
7 51 278
7 52 423
7 53 268
7 54 642
7 55 141
7 56 349
7 57 464
7 58 414
7 59 297
7 60 488
7 61 506
7 62 286
7 63 377
7 64 584
7 65 636
7 66 203
7 67 207
7 68 238
7 69 522
7 70 272
7 71 285
7 72 726
7 73 347
7 74 416
7 75 464
7 76 144
7 77 278
7 78 211
7 79 642
7 80 161
7 81 344
7 82 799
7 83 649
7 84 291
7 85 508
7 86 525
7 87 316
7 88 160
7 89 822
7 90 358
7 91 417
7 92 697
7 93 356
7 94 255
7 95 276
7 96 412
7 97 596
7 98 575
7 99 318
7 100 492
7 101 368
8 0 458
8 1 306
8 2 338
8 3 580
8 4 586
8 5 348
8 6 165
8 7 491
8 9 443
8 10 535
8 11 466
8 12 212
8 13 696
8 14 205
8 15 252
8 16 561
8 17 564
8 18 467
8 19 421
8 20 591
8 21 702
8 22 496
8 23 162
8 24 533
8 25 738
8 26 721
8 27 714
8 28 761
8 29 578
8 30 524
8 31 250
8 32 86
8 33 467
8 34 789
8 35 486
8 36 56
8 37 438
8 38 327
8 39 346
8 40 315
8 41 284
8 42 456
8 43 136
8 44 143
8 45 476
8 46 231
8 47 227
8 48 457
8 49 714
8 50 449
8 51 764
8 52 90
8 53 713
8 54 217
8 55 546
8 56 825
8 57 59
8 58 350
8 59 661
8 60 308
8 61 59
8 62 509
8 63 493
8 64 170
8 65 420
8 66 326
8 67 684
8 68 257
8 69 521
8 70 758
8 71 500
8 72 578
8 73 673
8 74 883
8 75 620
8 76 495
8 77 728
8 78 285
8 79 514
8 80 445
8 81 671
8 82 377
8 83 787
8 84 301
8 85 317
8 86 737
8 87 301
8 88 532
8 89 332
8 90 637
8 91 266
8 92 342
8 93 528
8 94 255
8 95 674
8 96 156
8 97 399
8 98 335
8 99 693
8 100 723
8 101 335
9 0 527
9 1 715
9 2 142
9 3 851
9 4 326
9 5 722
9 6 413
9 7 408
9 8 443
9 10 138
9 11 109
9 12 617
9 13 426
9 14 385
9 15 514
9 16 360
9 17 476
9 18 697
9 19 159
9 20 158
9 21 667
9 22 54
9 23 595
9 24 223
9 25 505
9 26 912
9 27 624
9 28 980
9 29 149
9 30 367
9 31 225
9 32 442
9 33 773
9 34 1022
9 35 751
9 36 498
9 37 25
9 38 161
9 39 687
9 40 750
9 41 379
9 42 838
9 43 545
9 44 404
9 45 193
9 46 218
9 47 664
9 48 294
9 49 877
9 50 148
9 51 637
9 52 357
9 53 448
9 54 659
9 55 330
9 56 581
9 57 467
9 58 642
9 59 333
9 60 185
9 61 408
9 62 166
9 63 699
9 64 398
9 65 810
9 66 256
9 67 480
9 68 321
9 69 118
9 70 631
9 71 637
9 72 322
9 73 747
9 74 608
9 75 817
9 76 528
9 77 463
9 78 317
9 79 241
9 80 512
9 81 744
9 82 819
9 83 1009
9 84 184
9 85 679
9 86 904
9 87 165
9 88 299
9 89 715
9 90 747
9 91 588
9 92 407
9 93 701
9 94 414
9 95 371
9 96 501
9 97 778
9 98 726
9 99 362
9 100 874
9 101 600
10 0 664
10 1 775
10 2 198
10 3 984
10 4 214
10 5 840
10 6 465
10 7 542
10 8 535
10 9 138
10 11 70
10 12 680
10 13 522
10 14 511
10 15 547
10 16 481
10 17 606
10 18 831
10 19 293
10 20 83
10 21 797
10 22 128
10 23 673
10 24 113
10 25 606
10 26 1049
10 27 748
10 28 1117
10 29 66
10 30 287
10 31 348
10 32 549
10 33 902
10 34 1158
10 35 884
10 36 588
10 37 160
10 38 211
10 39 810
10 40 849
10 41 394
10 42 956
10 43 650
10 44 522
10 45 119
10 46 305
10 47 761
10 48 426
10 49 1014
10 50 104
10 51 755
10 52 456
10 53 543
10 54 749
10 55 450
10 56 674
10 57 568
10 58 770
10 59 416
10 60 233
10 61 490
10 62 275
10 63 835
10 64 449
10 65 926
10 66 392
10 67 591
10 68 452
10 69 20
10 70 749
10 71 774
10 72 213
10 73 883
10 74 689
10 75 954
10 76 664
10 77 558
10 78 451
10 79 146
10 80 649
10 81 880
10 82 901
10 83 1145
10 84 314
10 85 798
10 86 1041
10 87 293
10 88 419
10 89 765
10 90 884
10 91 711
10 92 402
10 93 838
10 94 545
10 95 460
10 96 617
10 97 896
10 98 840
10 99 440
10 100 1012
10 101 729
11 0 624
11 1 706
11 2 129
11 3 930
11 4 218
11 5 776
11 6 396
11 7 514
11 8 466
11 9 109
11 10 70
11 12 611
11 13 528
11 14 453
11 15 481
11 16 468
11 17 583
11 18 779
11 19 265
11 20 143
11 21 774
11 22 128
11 23 603
11 24 115
11 25 609
11 26 1004
11 27 732
11 28 1069
11 29 126
11 30 264
11 31 291
11 32 484
11 33 844
11 34 1110
11 35 830
11 36 519
11 37 133
11 38 141
11 39 748
11 40 780
11 41 331
11 42 892
11 43 583
11 44 459
11 45 87
11 46 238
11 47 693
11 48 401
11 49 972
11 50 48
11 51 745
11 52 389
11 53 550
11 54 680
11 55 438
11 56 682
11 57 501
11 58 712
11 59 429
11 60 164
11 61 421
11 62 270
11 63 785
11 64 381
11 65 862
11 66 348
11 67 587
11 68 399
11 69 60
11 70 739
11 71 730
11 72 214
11 73 849
11 74 705
11 75 907
11 76 628
11 77 565
11 78 402
11 79 133
11 80 608
11 81 846
11 82 831
11 83 1098
11 84 263
11 85 735
11 86 999
11 87 239
11 88 407
11 89 697
11 90 845
11 91 650
11 92 344
11 93 792
11 94 491
11 95 470
11 96 553
11 97 832
11 98 775
11 99 456
11 100 970
11 101 673
12 0 650
12 1 99
12 2 488
12 3 682
12 4 671
12 5 409
12 6 217
12 7 700
12 8 212
12 9 617
12 10 680
12 11 611
12 13 906
12 14 411
12 15 187
12 16 772
12 17 772
12 18 606
12 19 622
12 20 749
12 21 898
12 22 670
12 23 78
12 24 648
12 25 949
12 26 851
12 27 917
12 28 875
12 29 734
12 30 580
12 31 452
12 32 281
12 33 562
12 34 894
12 35 605
12 36 169
12 37 617
12 38 473
12 39 439
12 40 271
12 41 323
12 42 483
12 43 249
12 44 347
12 45 595
12 46 400
12 47 213
12 48 668
12 49 857
12 50 582
12 51 970
12 52 294
12 53 924
12 54 163
12 55 756
12 56 1036
12 57 240
12 58 478
12 59 867
12 60 449
12 61 218
12 62 708
12 63 639
12 64 233
12 65 444
12 66 536
12 67 895
12 68 468
12 69 670
12 70 964
12 71 670
12 72 663
12 73 847
12 74 1094
12 75 756
12 76 691
12 77 939
12 78 495
12 79 620
12 80 639
12 81 845
12 82 243
12 83 897
12 84 501
12 85 399
12 86 876
12 87 497
12 88 742
12 89 123
12 90 804
12 91 398
12 92 360
12 93 683
12 94 455
12 95 882
12 96 318
12 97 442
12 98 378
12 99 899
12 100 868
12 101 482
13 0 421
13 1 1001
13 2 544
13 3 791
13 4 734
13 5 807
13 6 755
13 7 259
13 8 696
13 9 426
13 10 522
13 11 528
13 12 906
13 14 517
13 15 871
13 16 142
13 17 245
13 18 647
13 19 310
13 20 471
13 21 374
13 22 402
13 23 855
13 24 631
13 25 87
13 26 757
13 27 294
13 28 838
13 29 479
13 30 790
13 31 462
13 32 641
13 33 771
13 34 885
13 35 715
13 36 745
13 37 405
13 38 562
13 39 748
13 40 924
13 41 769
13 42 907
13 43 725
13 44 576
13 45 614
13 46 555
13 47 855
13 48 240
13 49 703
13 50 572
13 51 269
13 52 613
13 53 23
13 54 875
13 55 151
13 56 155
13 57 682
13 58 673
13 59 113
13 60 580
13 61 694
13 62 261
13 63 625
13 64 743
13 65 895
13 66 371
13 67 103
13 68 445
13 69 506
13 70 264
13 71 527
13 72 732
13 73 529
13 74 193
13 75 693
13 76 384
13 77 38
13 78 419
13 79 658
13 80 415
13 81 525
13 82 1037
13 83 864
13 84 420
13 85 765
13 86 728
13 87 434
13 88 165
13 89 1024
13 90 561
13 91 672
13 92 810
13 93 596
13 94 495
13 95 65
13 96 651
13 97 855
13 98 830
13 99 105
13 100 691
13 101 627
14 0 261
14 1 499
14 2 344
14 3 481
14 4 632
14 5 342
14 6 334
14 7 291
14 8 205
14 9 385
14 10 511
14 11 453
14 12 411
14 13 517
14 15 442
14 16 376
14 17 361
14 18 336
14 19 293
14 20 542
14 21 500
14 22 427
14 23 348
14 24 552
14 25 547
14 26 580
14 27 510
14 28 636
14 29 533
14 30 606
14 31 163
14 32 131
14 33 392
14 34 672
14 35 380
14 36 242
14 37 369
14 38 345
14 39 303
14 40 414
14 41 421
14 42 458
14 43 210
14 44 64
14 45 498
14 46 246
14 47 340
14 48 278
14 49 561
14 50 457
14 51 560
14 52 156
14 53 532
14 54 359
14 55 366
14 56 633
14 57 173
14 58 259
14 59 503
14 60 339
14 61 232
14 62 382
14 63 350
14 64 330
14 65 433
14 66 166
14 67 491
14 68 79
14 69 493
14 70 554
14 71 326
14 72 626
14 73 488
14 74 696
14 75 479
14 76 294
14 77 545
14 78 101
14 79 547
14 80 247
14 81 485
14 82 522
14 83 664
14 84 202
14 85 298
14 86 586
14 87 220
14 88 360
14 89 533
14 90 461
14 91 205
14 92 480
14 93 370
14 94 57
14 95 505
14 96 139
14 97 398
14 98 352
14 99 533
14 100 565
14 101 221
15 0 702
15 1 255
15 2 374
15 3 817
15 4 500
15 5 560
15 6 118
15 7 708
15 8 252
15 9 514
15 10 547
15 11 481
15 12 187
15 13 871
15 14 442
15 16 751
15 17 786
15 18 715
15 19 566
15 20 623
15 21 940
15 22 566
15 23 236
15 24 493
15 25 928
15 26 968
15 27 942
15 28 1004
15 29 607
15 30 401
15 31 413
15 32 337
15 33 699
15 34 1029
15 35 729
15 36 250
15 37 521
15 38 355
15 39 574
15 40 450
15 41 157
15 42 649
15 43 361
15 44 387
15 45 445
15 46 320
15 47 380
15 48 646
15 49 964
15 50 443
15 51 985
15 52 289
15 53 891
15 54 336
15 55 729
15 56 1015
15 57 307
15 58 593
15 59 810
15 60 331
15 61 212
15 62 639
15 63 742
15 64 129
15 65 610
15 66 516
15 67 881
15 68 473
15 69 540
15 70 980
15 71 751
15 72 492
15 73 923
15 74 1063
15 75 869
15 76 735
15 77 907
15 78 498
15 79 461
15 80 688
15 81 921
15 82 429
15 83 1029
15 84 452
15 85 539
15 86 986
15 87 438
15 88 708
15 89 226
15 90 888
15 91 509
15 92 179
15 93 779
15 94 497
15 95 835
15 96 405
15 97 601
15 98 535
15 99 843
15 100 973
15 101 584
16 0 296
16 1 866
16 2 454
16 3 671
16 4 685
16 5 667
16 6 634
16 7 128
16 8 561
16 9 360
16 10 481
16 11 468
16 12 772
16 13 142
16 14 376
16 15 751
16 17 146
16 18 522
16 19 214
16 20 451
16 21 325
16 22 354
16 23 718
16 24 581
16 25 179
16 26 661
16 27 268
16 28 740
16 29 454
16 30 722
16 31 338
16 32 503
16 33 640
16 34 787
16 35 589
16 36 609
16 37 337
16 38 470
16 39 610
16 40 782
16 41 662
16 42 770
16 43 584
16 44 436
16 45 552
16 46 443
16 47 714
16 48 106
16 49 612
16 50 506
16 51 277
16 52 482
16 53 156
16 54 735
16 55 31
16 56 266
16 57 544
16 58 536
16 59 171
16 60 484
16 61 564
16 62 207
16 63 504
16 64 623
16 65 756
16 66 239
16 67 133
16 68 307
16 69 463
16 70 271
16 71 410
16 72 682
16 73 449
16 74 322
16 75 586
16 76 267
16 77 169
16 78 280
16 79 601
16 80 288
16 81 445
16 82 897
16 83 767
16 84 303
16 85 625
16 86 638
16 87 322
16 88 62
16 89 892
16 90 469
16 91 531
16 92 709
16 93 480
16 94 353
16 95 149
16 96 509
16 97 716
16 98 690
16 99 191
16 100 603
16 101 489
17 0 184
17 1 859
17 2 543
17 3 547
17 4 800
17 5 590
17 6 670
17 7 80
17 8 564
17 9 476
17 10 606
17 11 583
17 12 772
17 13 245
17 14 361
17 15 786
17 16 146
17 18 407
17 19 319
17 20 586
17 21 191
17 22 480
17 23 708
17 24 698
17 25 226
17 26 519
17 27 161
17 28 599
17 29 587
17 30 824
17 31 388
17 32 491
17 33 534
17 34 646
17 35 474
17 36 603
17 37 452
17 38 556
17 39 528
17 40 731
17 41 723
17 42 681
17 43 553
17 44 425
17 45 662
17 46 505
17 47 674
17 48 183
17 49 468
17 50 615
17 51 201
17 52 500
17 53 247
17 54 704
17 55 172
17 56 300
17 57 533
17 58 449
17 59 311
17 60 566
17 61 582
17 62 340
17 63 383
17 64 662
17 65 673
17 66 282
17 67 165
17 68 314
17 69 587
17 70 195
17 71 283
17 72 796
17 73 303
17 74 372
17 75 450
17 76 142
17 77 253
17 78 288
17 79 713
17 80 181
17 81 299
17 82 858
17 83 626
17 84 370
17 85 551
17 86 494
17 87 394
17 88 199
17 89 894
17 90 325
17 91 465
17 92 776
17 93 352
17 94 320
17 95 279
17 96 474
17 97 633
17 98 618
17 99 324
17 100 459
17 101 405
18 0 227
18 1 658
18 2 679
18 3 156
18 4 968
18 5 248
18 6 629
18 7 395
18 8 467
18 9 697
18 10 831
18 11 779
18 12 606
18 13 647
18 14 336
18 15 715
18 16 522
18 17 407
18 19 566
18 20 848
18 21 403
18 22 729
18 23 528
18 24 884
18 25 631
18 26 255
18 27 467
18 28 301
18 29 842
18 30 941
18 31 491
18 32 386
18 33 133
18 34 336
18 35 68
18 36 467
18 37 677
18 38 680
18 39 188
18 40 434
18 41 737
18 42 299
18 43 361
18 44 359
18 45 831
18 46 582
18 47 420
18 48 476
18 49 252
18 50 789
18 51 534
18 52 468
18 53 652
18 54 469
18 55 532
18 56 697
18 57 409
18 58 128
18 59 690
18 60 674
18 61 518
18 62 639
18 63 39
18 64 631
18 65 305
18 66 443
18 67 571
18 68 381
18 69 812
18 70 531
18 71 132
18 72 961
18 73 276
18 74 771
18 75 154
18 76 265
18 77 659
18 78 380
18 79 881
18 80 235
18 81 276
18 82 574
18 83 329
18 84 518
18 85 229
18 86 273
18 87 541
18 88 546
18 89 714
18 90 220
18 91 210
18 92 797
18 93 92
18 94 291
18 95 670
18 96 311
18 97 268
18 98 286
18 99 712
18 100 263
18 101 132
19 0 378
19 1 721
19 2 241
19 3 722
19 4 482
19 5 633
19 6 451
19 7 250
19 8 421
19 9 159
19 10 293
19 11 265
19 12 622
19 13 310
19 14 293
19 15 566
19 16 214
19 17 319
19 18 566
19 20 289
19 21 509
19 22 172
19 23 583
19 24 380
19 25 377
19 26 766
19 27 469
19 28 837
19 29 285
19 30 511
19 31 172
19 32 389
19 33 657
19 34 881
19 35 626
19 36 475
19 37 134
19 38 258
19 39 588
19 40 698
19 41 460
19 42 747
19 43 488
19 44 334
19 45 345
19 46 247
19 47 617
19 48 136
19 49 728
19 50 298
19 51 487
19 52 332
19 53 331
19 54 625
19 55 185
19 56 460
19 57 424
19 58 531
19 59 247
19 60 274
19 61 405
19 62 92
19 63 563
19 64 438
19 65 724
19 66 131
19 67 342
19 68 216
19 69 273
19 70 481
19 71 492
19 72 478
19 73 592
19 74 502
19 75 675
19 76 374
19 77 347
19 78 201
19 79 396
19 80 363
19 81 588
19 82 790
19 83 866
19 84 122
19 85 589
19 86 755
19 87 129
19 88 157
19 89 735
19 90 594
19 91 493
19 92 502
19 93 559
19 94 304
19 95 270
19 96 427
19 97 688
19 98 644
19 99 279
19 100 724
19 101 485
20 0 666
20 1 845
20 2 262
20 3 1003
20 4 279
20 5 879
20 6 537
20 7 528
20 8 591
20 9 158
20 10 83
20 11 143
20 12 749
20 13 471
20 14 542
20 15 623
20 16 451
20 17 586
20 18 848
20 19 289
20 21 774
20 22 119
20 23 737
20 24 187
20 25 557
20 26 1054
20 27 718
20 28 1125
20 29 18
20 30 364
20 31 383
20 32 597
20 33 929
20 34 1168
20 35 905
20 36 646
20 37 174
20 38 277
20 39 844
20 40 903
20 41 473
20 42 996
20 43 699
20 44 562
20 45 201
20 46 362
20 47 816
20 48 413
20 49 1015
20 50 184
20 51 718
20 52 509
20 53 492
20 54 807
20 55 421
20 56 619
20 57 620
20 58 798
20 59 360
20 60 301
20 61 551
20 62 246
20 63 848
20 64 521
20 65 968
20 66 406
20 67 549
20 68 476
20 69 84
20 70 712
20 71 780
20 72 279
20 73 875
20 74 628
20 75 962
20 76 660
20 77 505
20 78 471
20 79 223
20 80 651
20 81 871
20 82 963
20 83 1154
20 84 341
20 85 837
20 86 1042
20 87 323
20 88 390
20 89 838
20 90 880
20 91 746
20 92 483
20 93 846
20 94 570
20 95 407
20 96 658
20 97 935
20 98 883
20 99 381
20 100 1011
20 101 756
21 0 249
21 1 976
21 2 730
21 3 504
21 4 991
21 5 635
21 6 828
21 7 263
21 8 702
21 9 667
21 10 797
21 11 774
21 12 898
21 13 374
21 14 500
21 15 940
21 16 325
21 17 191
21 18 403
21 19 509
21 20 774
21 22 670
21 23 827
21 24 889
21 25 313
21 26 412
21 27 87
21 28 493
21 29 775
21 30 1012
21 31 563
21 32 621
21 33 534
21 34 540
21 35 462
21 36 732
21 37 643
21 38 741
21 39 571
21 40 804
21 41 894
21 42 701
21 43 659
21 44 560
21 45 853
21 46 681
21 47 764
21 48 374
21 49 352
21 50 806
21 51 148
21 52 651
21 53 365
21 54 803
21 55 354
21 56 345
21 57 661
21 58 492
21 59 469
21 60 749
21 61 730
21 62 528
21 63 367
21 64 822
21 65 704
21 66 460
21 67 272
21 68 473
21 69 778
21 70 147
21 71 274
21 72 987
21 73 175
21 74 418
21 75 376
21 76 208
21 77 364
21 78 450
21 79 904
21 80 260
21 81 172
21 82 941
21 83 516
21 84 552
21 85 604
21 86 374
21 87 577
21 88 384
21 89 1019
21 90 226
21 91 538
21 92 950
21 93 318
21 94 448
21 95 427
21 96 583
21 97 665
21 98 670
21 99 473
21 100 337
21 101 460
22 0 549
22 1 768
22 2 193
22 3 884
22 4 335
22 5 766
22 6 466
22 7 418
22 8 496
22 9 54
22 10 128
22 11 128
22 12 670
22 13 402
22 14 427
22 15 566
22 16 354
22 17 480
22 18 729
22 19 172
22 20 119
22 21 670
22 23 649
22 24 231
22 25 484
22 26 937
22 27 621
22 28 1007
22 29 114
22 30 391
22 31 270
22 32 491
22 33 811
22 34 1049
22 35 786
22 36 551
22 37 59
22 38 212
22 39 729
22 40 801
22 41 428
22 42 883
22 43 594
22 44 451
22 45 214
22 46 272
22 47 715
22 48 302
22 49 899
22 50 174
22 51 628
22 52 409
22 53 424
22 54 711
22 55 323
22 56 556
22 57 517
22 58 681
22 59 301
22 60 236
22 61 462
22 62 149
22 63 729
22 64 451
22 65 856
22 66 287
22 67 466
22 68 358
22 69 110
22 70 622
22 71 662
22 72 333
22 73 762
22 74 578
22 75 844
22 76 545
22 77 439
22 78 352
22 79 257
22 80 534
22 81 758
22 82 871
22 83 1035
22 84 225
22 85 723
22 86 926
22 87 210
22 88 292
22 89 769
22 90 765
22 91 631
22 92 452
22 93 728
22 94 452
22 95 343
22 96 548
22 97 822
22 98 772
22 99 328
22 100 895
22 101 638
23 0 578
23 1 151
23 2 477
23 3 606
23 4 688
23 5 336
23 6 227
23 7 639
23 8 162
23 9 595
23 10 673
23 11 603
23 12 78
23 13 855
23 14 348
23 15 236
23 16 718
23 17 708
23 18 528
23 19 583
23 20 737
23 21 827
23 22 649
23 24 653
23 25 893
23 26 774
23 27 850
23 28 799
23 29 722
23 30 606
23 31 411
23 32 218
23 33 486
23 34 819
23 35 528
23 36 110
23 37 593
23 38 463
23 39 363
23 40 216
23 41 347
23 42 416
23 43 173
23 44 285
23 45 598
23 46 378
23 47 145
23 48 615
23 49 779
23 50 579
23 51 904
23 52 251
23 53 872
23 54 101
23 55 704
23 56 979
23 57 176
23 58 401
23 59 823
23 60 441
23 61 187
23 62 671
23 63 562
23 64 241
23 65 378
23 66 486
23 67 837
23 68 412
23 69 661
23 70 899
23 71 595
23 72 680
23 73 772
23 74 1040
23 75 679
23 76 620
23 77 886
23 78 439
23 79 628
23 80 568
23 81 770
23 82 229
23 83 821
23 84 462
23 85 323
23 86 798
23 87 462
23 88 692
23 89 193
23 90 728
23 91 320
23 92 393
23 93 606
23 94 389
23 95 834
23 96 245
23 97 372
23 98 307
23 99 855
23 100 791
23 101 405
24 0 737
24 1 737
24 2 209
24 3 1032
24 4 105
24 5 862
24 6 432
24 7 629
24 8 533
24 9 223
24 10 113
24 11 115
24 12 648
24 13 631
24 14 552
24 15 493
24 16 581
24 17 698
24 18 884
24 19 380
24 20 187
24 21 889
24 22 231
24 23 653
24 25 714
24 26 1114
24 27 846
24 28 1177
24 29 172
24 30 178
24 31 393
24 32 565
24 33 941
24 34 1216
24 35 931
24 36 581
24 37 247
24 38 213
24 39 839
24 40 845
24 41 337
24 42 976
24 43 660
24 44 550
24 45 58
24 46 318
24 47 758
24 48 515
24 49 1083
24 50 95
24 51 857
24 52 467
24 53 653
24 54 739
24 55 550
24 56 784
24 57 575
24 58 809
24 59 527
24 60 228
24 61 481
24 62 379
24 63 891
24 64 417
24 65 944
24 66 460
24 67 696
24 68 505
24 69 126
24 70 851
24 71 841
24 72 102
24 73 963
24 74 801
24 75 1015
24 76 742
24 77 667
24 78 510
24 79 39
24 80 721
24 81 960
24 82 881
24 83 1205
24 84 371
24 85 823
24 86 1109
24 87 346
24 88 519
24 89 718
24 90 958
24 91 742
24 92 330
24 93 901
24 94 594
24 95 571
24 96 639
24 97 917
24 98 857
24 99 551
24 100 1082
24 101 772
25 0 409
25 1 1042
25 2 616
25 3 766
25 4 818
25 5 812
25 6 811
25 7 266
25 8 738
25 9 505
25 10 606
25 11 609
25 12 949
25 13 87
25 14 547
25 15 928
25 16 179
25 17 226
25 18 631
25 19 377
25 20 557
25 21 313
25 22 484
25 23 893
25 24 714
25 26 713
25 27 228
25 28 794
25 29 564
25 30 871
25 31 516
25 32 676
25 33 759
25 34 842
25 35 698
25 36 784
25 37 483
25 38 633
25 39 751
25 40 943
25 41 834
25 42 905
25 43 752
25 44 609
25 45 695
25 46 617
25 47 879
25 48 284
25 49 656
25 50 652
25 51 191
25 52 659
25 53 68
25 54 904
25 55 200
25 56 88
25 57 718
25 58 673
25 59 200
25 60 650
25 61 742
25 62 340
25 63 605
25 64 800
25 65 897
25 66 417
25 67 61
25 68 482
25 69 590
25 70 187
25 71 503
25 72 816
25 73 478
25 74 151
25 75 658
25 76 367
25 77 59
25 78 454
25 79 740
25 80 406
25 81 475
25 82 1063
25 83 819
25 84 478
25 85 772
25 86 679
25 87 495
25 88 223
25 89 1069
25 90 518
25 91 682
25 92 879
25 93 569
25 94 517
25 95 152
25 96 675
25 97 856
25 98 839
25 99 189
25 100 642
25 101 628
26 0 389
26 1 894
26 2 914
26 3 192
26 4 1203
26 5 459
26 6 884
26 7 544
26 8 721
26 9 912
26 10 1049
26 11 1004
26 12 851
26 13 757
26 14 580
26 15 968
26 16 661
26 17 519
26 18 255
26 19 766
26 20 1054
26 21 412
26 22 937
26 23 774
26 24 1114
26 25 713
26 27 498
26 28 82
26 29 1050
26 30 1185
26 31 724
26 32 640
26 33 301
26 34 129
26 35 247
26 36 720
26 37 890
26 38 918
26 39 415
26 40 646
26 41 990
26 42 453
26 43 611
26 44 611
26 45 1064
26 46 825
26 47 652
26 48 651
26 49 61
26 50 1020
26 51 558
26 52 720
26 53 755
26 54 704
26 55 681
26 56 756
26 57 664
26 58 377
26 59 830
26 60 915
26 61 772
26 62 824
26 63 232
26 64 885
26 65 477
26 66 658
26 67 662
26 68 611
26 69 1029
26 70 558
26 71 275
26 72 1197
26 73 237
26 74 829
26 75 103
26 76 402
26 77 757
26 78 605
26 79 1115
26 80 404
26 81 241
26 82 782
26 83 107
26 84 743
26 85 456
26 86 49
26 87 768
26 88 703
26 89 953
26 90 196
26 91 461
26 92 1050
26 93 214
26 94 529
26 95 797
26 96 565
26 97 453
26 98 497
26 99 843
26 100 80
26 101 387
27 0 282
27 1 1000
27 2 701
27 3 580
27 4 949
27 5 687
27 6 827
27 7 240
27 8 714
27 9 624
27 10 748
27 11 732
27 12 917
27 13 294
27 14 510
27 15 942
27 16 268
27 17 161
27 18 467
27 19 469
27 20 718
27 21 87
27 22 621
27 23 850
27 24 846
27 25 228
27 26 498
27 28 579
27 29 721
27 30 979
27 31 548
27 32 637
27 33 600
27 34 626
27 35 530
27 36 749
27 37 600
27 38 714
27 39 623
27 40 847
27 41 883
27 42 762
27 43 687
27 44 572
27 45 814
27 46 665
27 47 800
27 48 337
27 49 439
27 50 767
27 51 68
27 52 654
27 53 284
27 54 836
27 55 299
27 56 259
27 57 678
27 58 543
27 59 395
27 60 725
27 61 736
27 62 475
27 63 434
27 64 820
27 65 762
27 66 442
27 67 192
27 68 470
27 69 730
27 70 65
27 71 335
27 72 946
27 73 261
27 74 332
27 75 456
27 76 236
27 77 281
27 78 445
27 79 864
27 80 289
27 81 258
27 82 981
27 83 602
27 84 529
27 85 653
27 86 460
27 87 553
27 88 330
27 89 1039
27 90 308
27 91 579
27 92 936
27 93 389
27 94 462
27 95 351
27 96 609
27 97 722
27 98 721
27 99 396
27 100 423
27 101 506
28 0 462
28 1 910
28 2 975
28 3 195
28 4 1264
28 5 471
28 6 925
28 7 621
28 8 761
28 9 980
28 10 1117
28 11 1069
28 12 875
28 13 838
28 14 636
28 15 1004
28 16 740
28 17 599
28 18 301
28 19 837
28 20 1125
28 21 493
28 22 1007
28 23 799
28 24 1177
28 25 794
28 26 82
28 27 579
28 29 1120
28 30 1241
28 31 785
28 32 683
28 33 314
28 34 48
28 35 276
28 36 755
28 37 959
28 38 978
28 39 436
28 40 652
28 41 1036
28 42 445
28 43 644
28 44 660
28 45 1126
28 46 882
28 47 669
28 48 726
28 49 141
28 50 1083
28 51 639
28 52 769
28 53 836
28 54 722
28 55 759
28 56 837
28 57 703
28 58 412
28 59 909
28 60 973
28 61 815
28 62 898
28 63 287
28 64 928
28 65 474
28 66 725
28 67 743
28 68 673
28 69 1097
28 70 639
28 71 346
28 72 1258
28 73 319
28 74 910
28 75 164
28 76 478
28 77 838
28 78 668
28 79 1177
28 80 476
28 81 322
28 82 784
28 83 29
28 84 807
28 85 477
28 86 122
28 87 832
28 88 781
28 89 970
28 90 278
28 91 497
28 92 1096
28 93 279
28 94 587
28 95 877
28 96 606
28 97 456
28 98 508
28 99 923
28 100 158
28 101 430
29 0 663
29 1 829
29 2 246
29 3 996
29 4 266
29 5 869
29 6 521
29 7 528
29 8 578
29 9 149
29 10 66
29 11 126
29 12 734
29 13 479
29 14 533
29 15 607
29 16 454
29 17 587
29 18 842
29 19 285
29 20 18
29 21 775
29 22 114
29 23 722
29 24 172
29 25 564
29 26 1050
29 27 721
29 28 1120
29 30 349
29 31 372
29 32 584
29 33 921
29 34 1163
29 35 898
29 36 632
29 37 166
29 38 262
29 39 835
29 40 890
29 41 456
29 42 985
29 43 687
29 44 551
29 45 184
29 46 348
29 47 803
29 48 412
29 49 1012
29 50 167
29 51 723
29 52 496
29 53 500
29 54 793
29 55 423
29 56 628
29 57 607
29 58 790
29 59 369
29 60 285
29 61 537
29 62 248
29 63 842
29 64 505
29 65 957
29 66 399
29 67 555
29 68 468
29 69 67
29 70 717
29 71 776
29 72 266
29 73 873
29 74 639
29 75 958
29 76 658
29 77 514
29 78 463
29 79 208
29 80 648
29 81 870
29 82 949
29 83 1149
29 84 332
29 85 826
29 86 1039
29 87 313
29 88 393
29 89 822
29 90 878
29 91 736
29 92 466
29 93 842
29 94 562
29 95 416
29 96 647
29 97 925
29 98 872
29 99 391
29 100 1008
29 101 747
30 0 829
30 1 656
30 2 284
30 3 1078
30 4 116
30 5 871
30 6 382
30 7 749
30 8 524
30 9 367
30 10 287
30 11 264
30 12 580
30 13 790
30 14 606
30 15 401
30 16 722
30 17 824
30 18 941
30 19 511
30 20 364
30 21 1012
30 22 391
30 23 606
30 24 178
30 25 871
30 26 1185
30 27 979
30 28 1241
30 29 349
30 31 468
30 32 579
30 33 975
30 34 1277
30 35 979
30 36 561
30 37 389
30 38 275
30 39 861
30 40 816
30 41 260
30 42 979
30 43 659
30 44 585
30 45 178
30 46 361
30 47 733
30 48 643
30 49 1162
30 50 220
30 51 998
30 52 483
30 53 812
30 54 702
30 55 692
30 56 945
30 57 577
30 58 847
30 59 692
30 60 273
30 61 466
30 62 532
30 63 955
30 64 370
30 65 943
30 66 558
30 67 846
30 68 579
30 69 297
30 70 992
30 71 921
30 72 110
30 73 1063
30 74 968
30 75 1084
30 76 843
30 77 828
30 78 592
30 79 142
30 80 813
30 81 1060
30 82 823
30 83 1269
30 84 465
30 85 837
30 86 1188
30 87 439
30 88 663
30 89 624
30 90 1049
30 91 770
30 92 223
30 93 974
30 94 657
30 95 733
30 96 660
30 97 923
30 98 858
30 99 718
30 100 1165
30 101 818
31 0 362
31 1 550
31 2 191
31 3 640
31 4 480
31 5 497
31 6 296
31 7 309
31 8 250
31 9 225
31 10 348
31 11 291
31 12 452
31 13 462
31 14 163
31 15 413
31 16 338
31 17 388
31 18 491
31 19 172
31 20 383
31 21 563
31 22 270
31 23 411
31 24 393
31 25 516
31 26 724
31 27 548
31 28 785
31 29 372
31 30 468
31 32 225
31 33 554
31 34 824
31 35 539
31 36 304
31 37 212
31 38 195
31 39 463
31 40 537
31 41 335
31 42 614
31 43 328
31 44 181
31 45 341
31 46 118
31 47 454
31 48 234
31 49 697
31 50 299
31 51 583
31 52 161
31 53 481
31 54 457
31 55 317
31 56 603
31 57 257
31 58 422
31 59 415
31 60 196
31 61 236
31 62 260
31 63 499
31 64 285
31 65 586
31 66 107
31 67 469
31 68 113
31 69 330
31 70 577
31 71 455
31 72 473
31 73 596
31 74 653
31 75 625
31 76 379
31 77 496
31 78 124
31 79 392
31 80 346
31 81 593
31 82 621
31 83 814
31 84 52
31 85 455
31 86 724
31 87 61
31 88 298
31 89 567
31 90 581
31 91 364
31 92 389
31 93 511
31 94 201
31 95 432
31 96 278
31 97 553
31 98 502
31 99 447
31 100 698
31 101 382
32 0 375
32 1 369
32 2 359
32 3 507
32 4 629
32 5 298
32 6 244
32 7 421
32 8 86
32 9 442
32 10 549
32 11 484
32 12 281
32 13 641
32 14 131
32 15 337
32 16 503
32 17 491
32 18 386
32 19 389
32 20 597
32 21 621
32 22 491
32 23 218
32 24 565
32 25 676
32 26 640
32 27 637
32 28 683
32 29 584
32 30 579
32 31 225
32 33 398
32 34 713
32 35 410
32 36 113
32 37 432
32 38 353
32 39 283
32 40 313
32 41 354
32 42 412
32 43 104
32 44 68
32 45 508
32 46 248
32 47 230
32 48 402
32 49 631
32 50 475
32 51 689
32 52 99
32 53 657
32 54 238
32 55 491
32 56 762
32 57 43
32 58 274
32 59 618
32 60 338
32 61 133
32 62 480
32 63 410
32 64 246
32 65 380
32 66 277
32 67 620
32 68 197
32 69 533
32 70 683
32 71 415
32 72 621
32 73 588
32 74 824
32 75 539
32 76 413
32 77 671
32 78 223
32 79 551
32 80 362
32 81 586
32 82 403
32 83 710
32 84 276
32 85 260
32 86 654
32 87 284
32 88 481
32 89 403
32 90 552
32 91 193
32 92 414
32 93 444
32 94 175
32 95 625
32 96 81
32 97 353
32 98 293
32 99 649
32 100 639
32 101 255
33 0 352
33 1 597
33 2 732
33 3 121
33 4 1016
33 5 159
33 6 631
33 7 514
33 8 467
33 9 773
33 10 902
33 11 844
33 12 562
33 13 771
33 14 392
33 15 699
33 16 640
33 17 534
33 18 133
33 19 657
33 20 929
33 21 534
33 22 811
33 23 486
33 24 941
33 25 759
33 26 301
33 27 600
33 28 314
33 29 921
33 30 975
33 31 554
33 32 398
33 34 333
33 35 74
33 36 451
33 37 756
33 38 730
33 39 125
33 40 345
33 41 749
33 42 172
33 43 339
33 44 394
33 45 886
33 46 627
33 47 356
33 48 583
33 49 324
33 50 847
33 51 667
33 52 493
33 53 777
33 54 408
33 55 648
33 56 828
33 57 409
33 58 133
33 59 806
33 60 721
33 61 524
33 62 737
33 63 167
33 64 636
33 65 186
33 66 528
33 67 699
33 68 453
33 69 883
33 70 664
33 71 265
33 72 1009
33 73 396
33 74 902
33 75 223
33 76 393
33 77 785
33 78 460
33 79 934
33 80 357
33 81 397
33 82 482
33 83 336
33 84 590
33 85 164
33 86 336
33 87 610
33 88 659
33 89 657
33 90 337
33 91 206
33 92 808
33 93 217
33 94 360
33 95 789
33 96 317
33 97 155
33 98 197
33 99 829
33 100 340
33 101 174
34 0 507
34 1 924
34 2 1013
34 3 214
34 4 1302
34 5 487
34 6 954
34 7 667
34 8 789
34 9 1022
34 10 1158
34 11 1110
34 12 894
34 13 885
34 14 672
34 15 1029
34 16 787
34 17 646
34 18 336
34 19 881
34 20 1168
34 21 540
34 22 1049
34 23 819
34 24 1216
34 25 842
34 26 129
34 27 626
34 28 48
34 29 1163
34 30 1277
34 31 824
34 32 713
34 33 333
34 35 304
34 36 780
34 37 1001
34 38 1015
34 39 457
34 40 663
34 41 1067
34 42 449
34 43 669
34 44 694
34 45 1165
34 46 918
34 47 686
34 48 771
34 49 188
34 50 1122
34 51 686
34 52 801
34 53 883
34 54 738
34 55 806
34 56 884
34 57 731
34 58 440
34 59 956
34 60 1010
34 61 844
34 62 943
34 63 326
34 64 957
34 65 481
34 66 766
34 67 791
34 68 712
34 69 1139
34 70 686
34 71 390
34 72 1296
34 73 366
34 74 957
34 75 207
34 76 524
34 77 885
34 78 709
34 79 1216
34 80 520
34 81 369
34 82 791
34 83 26
34 84 848
34 85 496
34 86 167
34 87 872
34 88 827
34 89 986
34 90 325
34 91 524
34 92 1127
34 93 322
34 94 625
34 95 924
34 96 635
34 97 466
34 98 522
34 99 970
34 100 204
34 101 462
35 0 295
35 1 648
35 2 724
35 3 101
35 4 1012
35 5 218
35 6 651
35 7 462
35 8 486
35 9 751
35 10 884
35 11 830
35 12 605
35 13 715
35 14 380
35 15 729
35 16 589
35 17 474
35 18 68
35 19 626
35 20 905
35 21 462
35 22 786
35 23 528
35 24 931
35 25 698
35 26 247
35 27 530
35 28 276
35 29 898
35 30 979
35 31 539
35 32 410
35 33 74
35 34 304
35 36 479
35 37 733
35 38 724
35 39 169
35 40 407
35 41 764
35 42 246
35 43 369
35 44 394
35 45 878
35 46 624
35 47 407
35 48 540
35 49 260
35 50 837
35 51 597
35 52 500
35 53 719
35 54 458
35 55 599
35 56 764
35 57 428
35 58 137
35 59 757
35 60 717
35 61 541
35 62 701
35 63 97
35 64 654
35 65 258
35 66 500
35 67 639
35 68 432
35 69 865
35 70 594
35 71 197
35 72 1005
35 73 323
35 74 838
35 75 158
35 76 333
35 77 727
35 78 435
35 79 927
35 80 302
35 81 323
35 82 546
35 83 301
35 84 570
35 85 211
35 86 276
35 87 592
35 88 612
35 89 706
35 90 264
35 91 221
35 92 824
35 93 145
35 94 340
35 95 737
35 96 331
35 97 225
35 98 257
35 99 779
35 100 276
35 101 162
36 0 484
36 1 258
36 2 391
36 3 568
36 4 629
36 5 320
36 6 187
36 7 532
36 8 56
36 9 498
36 10 588
36 11 519
36 12 169
36 13 745
36 14 242
36 15 250
36 16 609
36 17 603
36 18 467
36 19 475
36 20 646
36 21 732
36 22 551
36 23 110
36 24 581
36 25 784
36 26 720
36 27 749
36 28 755
36 29 632
36 30 561
36 31 304
36 32 113
36 33 451
36 34 780
36 35 479
36 37 494
36 38 379
36 39 327
36 40 265
36 41 311
36 42 422
36 43 113
36 44 179
36 45 524
36 46 285
36 47 178
36 48 505
36 49 718
36 50 500
36 51 801
36 52 145
36 53 762
36 54 162
36 55 594
36 56 871
36 57 71
36 58 344
36 59 714
36 60 359
36 61 101
36 62 564
36 63 496
36 64 195
36 65 385
36 66 376
36 67 729
36 68 303
36 69 574
36 70 796
36 71 515
36 72 621
36 73 690
36 74 930
36 75 621
36 76 524
36 77 776
36 78 330
36 79 561
36 80 473
36 81 688
36 82 321
36 83 779
36 84 356
36 85 294
36 86 739
36 87 357
36 88 582
36 89 291
36 90 651
36 91 259
36 92 367
36 93 535
36 94 287
36 95 725
36 96 161
36 97 368
36 98 302
36 99 746
36 100 728
36 101 337
37 0 505
37 1 715
37 2 153
37 3 832
37 4 350
37 5 708
37 6 417
37 7 384
37 8 438
37 9 25
37 10 160
37 11 133
37 12 617
37 13 405
37 14 369
37 15 521
37 16 337
37 17 452
37 18 677
37 19 134
37 20 174
37 21 643
37 22 59
37 23 593
37 24 247
37 25 483
37 26 890
37 27 600
37 28 959
37 29 166
37 30 389
37 31 212
37 32 432
37 33 756
37 34 1001
37 35 733
37 36 494
37 38 172
37 39 672
37 40 742
37 41 390
37 42 824
37 43 535
37 44 392
37 45 216
37 46 217
37 47 657
37 48 270
37 49 855
37 50 171
37 51 613
37 52 351
37 53 427
37 54 653
37 55 306
37 56 560
37 57 459
37 58 625
37 59 315
37 60 195
37 61 406
37 62 145
37 63 679
37 64 402
37 65 797
37 66 235
37 67 458
37 68 303
37 69 141
37 70 607
37 71 615
37 72 346
37 73 724
37 74 589
37 75 796
37 76 505
37 77 443
37 78 298
37 79 265
37 80 489
37 81 720
37 82 814
37 83 988
37 84 168
37 85 665
37 86 882
37 87 152
37 88 276
37 89 718
37 90 724
37 91 573
37 92 420
37 93 680
37 94 397
37 95 352
37 96 489
37 97 764
37 98 713
37 99 344
37 100 852
37 101 582
38 0 555
38 1 568
38 2 20
38 3 825
38 4 288
38 5 649
38 6 261
38 7 479
38 8 327
38 9 161
38 10 211
38 11 141
38 12 473
38 13 562
38 14 345
38 15 355
38 16 470
38 17 556
38 18 680
38 19 258
38 20 277
38 21 741
38 22 212
38 23 463
38 24 213
38 25 633
38 26 918
38 27 714
38 28 978
38 29 262
38 30 275
38 31 195
38 32 353
38 33 730
38 34 1015
38 35 724
38 36 379
38 37 172
38 39 627
38 40 642
38 41 219
38 42 764
38 43 449
38 44 338
38 45 157
38 46 105
38 47 554
38 48 379
38 49 892
38 50 123
38 51 739
38 52 255
38 53 583
38 54 540
38 55 441
38 56 715
38 57 366
38 58 599
38 59 481
38 60 25
38 61 281
38 62 307
38 63 691
38 64 245
38 65 732
38 66 285
38 67 599
38 68 308
38 69 199
38 70 733
38 71 650
38 72 281
38 73 789
38 74 751
38 75 818
38 76 569
38 77 599
38 78 319
38 79 204
38 80 539
38 81 785
38 82 691
38 83 1006
38 84 191
38 85 610
38 86 918
38 87 165
38 88 414
38 89 563
38 90 776
38 91 530
38 92 251
38 93 705
38 94 391
38 95 514
38 96 426
38 97 704
38 98 645
38 99 512
38 100 893
38 101 564
39 0 349
39 1 480
39 2 631
39 3 244
39 4 909
39 5 65
39 6 509
39 7 490
39 8 346
39 9 687
39 10 810
39 11 748
39 12 439
39 13 748
39 14 303
39 15 574
39 16 610
39 17 528
39 18 188
39 19 588
39 20 844
39 21 571
39 22 729
39 23 363
39 24 839
39 25 751
39 26 415
39 27 623
39 28 436
39 29 835
39 30 861
39 31 463
39 32 283
39 33 125
39 34 457
39 35 169
39 36 327
39 37 672
39 38 627
39 40 246
39 41 629
39 42 162
39 43 215
39 44 290
39 45 783
39 46 522
39 47 239
39 48 536
39 49 427
39 50 747
39 51 688
39 52 380
39 53 758
39 54 290
39 55 612
39 56 827
39 57 288
39 58 80
39 59 766
39 60 615
39 61 403
39 62 674
39 63 227
39 64 514
39 65 147
39 66 457
39 67 690
39 68 374
39 69 792
39 70 684
39 71 299
