nnodes narcs type
12 132 digraph
nodename posx posy
0 102 435
1 860 270
2 106 71
3 700 20
4 614 121
5 466 214
6 330 458
7 87 372
8 99 871
9 663 130
10 661 308
11 769 343
tail head weight
0 1 776
0 2 365
0 3 728
0 4 601
0 5 426
0 6 230
0 7 65
0 8 437
0 9 639
0 10 574
0 11 674
1 0 776
1 2 780
1 3 297
1 4 288
1 5 398
1 6 563
1 7 780
1 8 970
1 9 242
1 10 203
1 11 117
2 0 365
2 1 780
2 3 597
2 4 511
2 5 388
2 6 448
2 7 302
2 8 801
2 9 561
2 10 604
2 11 717
3 0 728
3 1 297
3 2 597
3 4 133
3 5 304
3 6 574
3 7 707
3 8 1042
3 9 117
3 10 291
3 11 331
4 0 601
4 1 288
4 2 511
4 3 133
4 5 175
4 6 441
4 7 584
4 8 910
4 9 50
4 10 193
4 11 271
5 0 426
5 1 398
5 2 388
5 3 304
5 4 175
5 6 280
5 7 411
5 8 753
5 9 215
5 10 217
5 11 330
6 0 230
6 1 563
6 2 448
6 3 574
6 4 441
6 5 280
6 7 258
6 8 474
6 9 468
6 10 364
6 11 454
7 0 65
7 1 780
7 2 302
7 3 707
7 4 584
7 5 411
7 6 258
7 8 500
7 9 625
7 10 578
7 11 683
8 0 437
8 1 970
8 2 801
8 3 1042
8 4 910
8 5 753
8 6 474
8 7 500
8 9 932
8 10 796
8 11 854
9 0 639
9 1 242
9 2 561
9 3 117
9 4 50
9 5 215
9 6 468
9 7 625
9 8 932
9 10 179
9 11 238
10 0 574
10 1 203
10 2 604
10 3 291
10 4 193
10 5 217
10 6 364
10 7 578
10 8 796
10 9 179
10 11 114
11 0 674
11 1 117
11 2 717
11 3 331
11 4 271
11 5 330
11 6 454
11 7 683
11 8 854
11 9 238
11 10 114
