nnodes narcs type
12 132 digraph
nodename posx posy
0 957 686
1 957 562
2 875 566
3 243 831
4 504 130
5 484 818
6 646 20
7 840 166
8 273 387
9 600 315
10 13 241
11 776 345
tail head weight
0 1 124
0 2 146
0 3 729
0 4 718
0 5 492
0 6 736
0 7 533
0 8 747
0 9 515
0 10 1044
0 11 387
1 0 124
1 2 83
1 3 763
1 4 626
1 5 538
1 6 625
1 7 413
1 8 707
1 9 435
1 10 998
1 11 283
2 0 146
2 1 83
2 3 686
2 4 573
2 5 466
2 6 593
2 7 402
2 8 629
2 9 373
2 10 922
2 11 243
3 0 729
3 1 763
3 2 686
3 4 749
3 5 242
3 6 906
3 7 894
3 8 446
3 9 628
3 10 634
3 11 722
4 0 718
4 1 626
4 2 573
4 3 749
4 5 689
4 6 180
4 7 338
4 8 346
4 9 209
4 10 504
4 11 347
5 0 492
5 1 538
5 2 466
5 3 242
5 4 689
5 6 815
5 7 743
5 8 480
5 9 517
5 10 745
5 11 556
6 0 736
6 1 625
6 2 593
6 3 906
6 4 180
6 5 815
6 7 243
6 8 524
6 9 299
6 10 671
6 11 351
7 0 533
7 1 413
7 2 402
7 3 894
7 4 338
7 5 743
7 6 243
7 8 609
7 9 283
7 10 831
7 11 191
8 0 747
8 1 707
8 2 629
8 3 446
8 4 346
8 5 480
8 6 524
8 7 609
8 9 335
8 10 299
8 11 505
9 0 515
9 1 435
9 2 373
9 3 628
9 4 209
9 5 517
9 6 299
9 7 283
9 8 335
9 10 592
9 11 179
10 0 1044
10 1 998
10 2 922
10 3 634
10 4 504
10 5 745
10 6 671
10 7 831
10 8 299
10 9 592
10 11 771
11 0 387
11 1 283
11 2 243
11 3 722
11 4 347
11 5 556
11 6 351
11 7 191
11 8 505
11 9 179
11 10 771
