nnodes narcs type
14 182 digraph
nodename posx posy
0 564 897
1 339 91
2 366 955
3 454 427
4 508 775
5 942 34
6 205 80
7 931 561
8 871 387
9 1 389
10 565 105
11 771 821
12 476 702
13 401 729
tail head weight
0 1 837
0 2 207
0 3 483
0 4 135
0 5 943
0 6 893
0 7 498
0 8 596
0 9 759
0 10 793
0 11 221
0 12 214
0 13 235
1 0 837
1 2 865
1 3 356
1 4 705
1 5 606
1 6 135
1 7 756
1 8 609
1 9 451
1 10 227
1 11 849
1 12 627
1 13 642
2 0 207
2 1 865
2 3 536
2 4 230
2 5 1087
2 6 890
2 7 689
2 8 761
2 9 674
2 10 873
2 11 427
2 12 276
2 13 229
3 0 483
3 1 356
3 2 536
3 4 353
3 5 627
3 6 428
3 7 496
3 8 419
3 9 455
3 10 341
3 11 506
3 12 276
3 13 307
4 0 135
4 1 705
4 2 230
4 3 353
4 5 859
4 6 759
4 7 475
4 8 532
4 9 638
4 10 673
4 11 267
4 12 80
4 13 117
5 0 943
5 1 606
5 2 1087
5 3 627
5 4 859
5 6 739
5 7 528
5 8 361
5 9 1006
5 10 384
5 11 806
5 12 815
5 13 881
6 0 893
6 1 135
6 2 890
6 3 428
6 4 759
6 5 739
6 7 871
6 8 734
6 9 371
6 10 361
6 11 933
6 12 679
6 13 678
7 0 498
7 1 756
7 2 689
7 3 496
7 4 475
7 5 528
7 6 871
7 8 185
7 9 946
7 10 585
7 11 306
7 12 477
7 13 556
8 0 596
8 1 609
8 2 761
8 3 419
8 4 532
8 5 361
8 6 734
8 7 185
8 9 871
8 10 417
8 11 446
8 12 506
8 13 582
9 0 759
9 1 451
9 2 674
9 3 455
9 4 638
9 5 1006
9 6 371
9 7 946
9 8 871
9 10 632
9 11 883
9 12 569
9 13 525
10 0 793
10 1 227
10 2 873
10 3 341
10 4 673
10 5 384
10 6 361
10 7 585
10 8 417
10 9 632
10 11 746
10 12 604
10 13 646
11 0 221
11 1 849
11 2 427
11 3 506
11 4 267
11 5 806
11 6 933
11 7 306
11 8 446
11 9 883
11 10 746
11 12 319
11 13 382
12 0 214
12 1 627
12 2 276
12 3 276
12 4 80
12 5 815
12 6 679
12 7 477
12 8 506
12 9 569
12 10 604
12 11 319
12 13 80
13 0 235
13 1 642
13 2 229
13 3 307
13 4 117
13 5 881
13 6 678
13 7 556
13 8 582
13 9 525
13 10 646
13 11 382
13 12 80
