nnodes narcs type
14 182 digraph
nodename posx posy
0 40 156
1 14 812
2 64 856
3 838 520
4 343 128
5 647 471
6 62 138
7 498 592
8 391 674
9 418 288
10 378 772
11 489 230
12 40 27
13 134 200
tail head weight
0 1 657
0 2 701
0 3 878
0 4 305
0 5 684
0 6 29
0 7 633
0 8 626
0 9 401
0 10 703
0 11 456
0 12 129
0 13 104
1 0 657
1 2 67
1 3 875
1 4 760
1 5 720
1 6 676
1 7 532
1 8 402
1 9 662
1 10 367
1 11 752
1 12 786
1 13 624
2 0 701
2 1 67
2 3 844
2 4 780
2 5 699
2 6 719
2 7 508
2 8 375
2 9 670
2 10 326
2 11 757
2 12 830
2 13 660
3 0 878
3 1 875
3 2 844
3 4 632
3 5 198
3 6 865
3 7 348
3 8 473
3 9 480
3 10 525
3 11 454
3 12 939
3 13 774
4 0 305
4 1 760
4 2 780
4 3 632
4 5 459
4 6 282
4 7 490
4 8 549
4 9 177
4 10 645
4 11 179
4 12 320
4 13 222
5 0 684
5 1 720
5 2 699
5 3 198
5 4 459
5 6 674
5 7 192
5 8 327
5 9 294
5 10 404
5 11 289
5 12 753
5 13 581
6 0 29
6 1 676
6 2 719
6 3 865
6 4 282
6 5 674
6 7 630
6 8 629
6 9 387
6 10 709
6 11 437
6 12 114
6 13 96
7 0 633
7 1 532
7 2 508
7 3 348
7 4 490
7 5 192
7 6 630
7 8 135
7 9 315
7 10 217
7 11 363
7 12 728
7 13 535
8 0 626
8 1 402
8 2 375
8 3 473
8 4 549
8 5 327
8 6 629
8 7 135
8 9 387
8 10 99
8 11 455
8 12 737
8 13 540
9 0 401
9 1 662
9 2 670
9 3 480
9 4 177
9 5 294
9 6 387
9 7 315
9 8 387
9 10 486
9 11 92
9 12 460
9 13 298
10 0 703
10 1 367
10 2 326
10 3 525
10 4 645
10 5 404
10 6 709
10 7 217
10 8 99
10 9 486
10 11 554
10 12 819
10 13 622
11 0 456
11 1 752
11 2 757
11 3 454
11 4 179
11 5 289
11 6 437
11 7 363
11 8 455
11 9 92
11 10 554
11 12 493
11 13 357
12 0 129
12 1 786
12 2 830
12 3 939
12 4 320
12 5 753
12 6 114
12 7 728
12 8 737
12 9 460
12 10 819
12 11 493
12 13 197
13 0 104
13 1 624
13 2 660
13 3 774
13 4 222
13 5 581
13 6 96
13 7 535
13 8 540
13 9 298
13 10 622
13 11 357
13 12 197
