nnodes narcs type
16 240 digraph
nodename posx posy
0 839 779
1 929 32
2 47 502
3 406 573
4 727 804
5 98 683
6 871 725
7 986 546
8 960 738
9 612 942
10 461 642
11 768 4
12 217 502
13 766 397
14 870 794
15 392 206
tail head weight
0 1 753
0 2 840
0 3 480
0 4 115
0 5 748
0 6 63
0 7 276
0 8 128
0 9 280
0 10 403
0 11 779
0 12 681
0 13 389
0 14 35
0 15 727
1 0 753
1 2 1000
1 3 753
1 4 798
1 5 1056
1 6 696
1 7 518
1 8 707
1 9 964
1 10 769
1 11 164
1 12 854
1 13 400
1 14 765
1 15 565
2 0 840
2 1 1000
2 3 366
2 4 745
2 5 189
2 6 854
2 7 941
2 8 944
2 9 717
2 10 438
2 11 877
2 12 170
2 13 727
2 14 874
2 15 455
3 0 480
3 1 753
3 2 366
3 4 396
3 5 328
3 6 490
3 7 581
3 8 579
3 9 423
3 10 89
3 11 675
3 12 202
3 13 401
3 14 514
3 15 368
4 0 115
4 1 798
4 2 745
4 3 396
4 5 641
4 6 165
4 7 366
4 8 243
4 9 180
4 10 312
4 11 802
4 12 593
4 13 409
4 14 144
4 15 686
5 0 748
5 1 1056
5 2 189
5 3 328
5 4 641
5 6 775
5 7 899
5 8 864
5 9 576
5 10 366
5 11 954
5 12 217
5 13 727
5 14 780
5 15 561
6 0 63
6 1 696
6 2 854
6 3 490
6 4 165
6 5 775
6 7 213
6 8 90
6 9 338
6 10 419
6 11 729
6 12 691
6 13 345
6 14 70
6 15 707
7 0 276
7 1 518
7 2 941
7 3 581
7 4 366
7 5 899
7 6 213
7 8 194
7 9 545
7 10 534
7 11 585
7 12 771
7 13 266
7 14 274
7 15 685
8 0 128
8 1 707
8 2 944
8 3 579
8 4 243
8 5 864
8 6 90
8 7 194
8 9 404
8 10 509
8 11 759
8 12 780
8 13 393
8 14 106
8 15 779
9 0 280
9 1 964
9 2 717
9 3 423
9 4 180
9 5 576
9 6 338
9 7 545
9 8 404
9 10 336
9 11 951
9 12 592
9 13 567
9 14 298
9 15 769
10 0 403
10 1 769
10 2 438
10 3 89
10 4 312
10 5 366
10 6 419
10 7 534
10 8 509
10 9 336
10 11 709
10 12 282
10 13 392
10 14 437
10 15 442
11 0 779
11 1 164
11 2 877
11 3 675
11 4 802
11 5 954
11 6 729
11 7 585
11 8 759
11 9 951
11 10 709
11 12 743
11 13 394
11 14 797
11 15 427
12 0 681
12 1 854
12 2 170
12 3 202
12 4 593
12 5 217
12 6 691
12 7 771
12 8 780
12 9 592
12 10 282
12 11 743
12 13 559
12 14 716
12 15 344
13 0 389
13 1 400
13 2 727
13 3 401
13 4 409
13 5 727
13 6 345
13 7 266
13 8 393
13 9 567
13 10 392
13 11 394
13 12 559
13 14 411
13 15 420
14 0 35
14 1 765
14 2 874
14 3 514
14 4 144
14 5 780
14 6 70
14 7 274
14 8 106
14 9 298
14 10 437
14 11 797
14 12 716
14 13 411
14 15 758
15 0 727
15 1 565
15 2 455
15 3 368
15 4 686
15 5 561
15 6 707
15 7 685
15 8 779
15 9 769
15 10 442
15 11 427
15 12 344
15 13 420
15 14 758
