nnodes narcs type
16 240 digraph
nodename posx posy
0 14 857
1 553 891
2 460 690
3 574 863
4 742 240
5 563 95
6 899 733
7 484 406
8 230 748
9 654 170
10 540 35
11 524 159
12 838 698
13 242 85
14 795 577
15 681 556
tail head weight
0 1 541
0 2 477
0 3 561
0 4 955
0 5 940
0 6 894
0 7 652
0 8 242
0 9 939
0 10 976
0 11 865
0 12 840
0 13 805
0 14 830
0 15 732
1 0 541
1 2 222
1 3 35
1 4 678
1 5 797
1 6 381
1 7 490
1 8 354
1 9 729
1 10 857
1 11 733
1 12 345
1 13 864
1 14 397
1 15 359
2 0 477
2 1 222
2 3 208
2 4 532
2 5 604
2 6 442
2 7 286
2 8 238
2 9 556
2 10 660
2 11 535
2 12 379
2 13 644
2 14 354
2 15 259
3 0 561
3 1 35
3 2 208
3 4 646
3 5 769
3 6 351
3 7 466
3 8 363
3 9 698
3 10 829
3 11 706
3 12 312
3 13 846
3 14 362
3 15 326
4 0 955
4 1 678
4 2 532
4 3 646
4 5 231
4 6 518
4 7 307
4 8 722
4 9 113
4 10 288
4 11 233
4 12 468
4 13 524
4 14 342
4 15 322
5 0 940
5 1 797
5 2 604
5 3 769
5 4 231
5 6 722
5 7 321
5 8 734
5 9 118
5 10 65
5 11 75
5 12 663
5 13 322
5 14 535
5 15 476
6 0 894
6 1 381
6 2 442
6 3 351
6 4 518
6 5 722
6 7 529
6 8 670
6 9 614
6 10 785
6 11 686
6 12 71
6 13 923
6 14 188
6 15 281
7 0 652
7 1 490
7 2 286
7 3 466
7 4 307
7 5 321
7 6 529
7 8 427
7 9 291
7 10 376
7 11 251
7 12 459
7 13 403
7 14 355
7 15 248
8 0 242
8 1 354
8 2 238
8 3 363
8 4 722
8 5 734
8 6 670
8 7 427
8 9 717
8 10 778
8 11 659
8 12 611
8 13 664
8 14 591
8 15 491
9 0 939
9 1 729
9 2 556
9 3 698
9 4 113
9 5 118
9 6 614
9 7 291
9 8 717
9 10 177
9 11 131
9 12 560
9 13 421
9 14 431
9 15 387
10 0 976
10 1 857
10 2 660
10 3 829
10 4 288
10 5 65
10 6 785
10 7 376
10 8 778
10 9 177
10 11 126
10 12 727
10 13 303
10 14 599
10 15 540
11 0 865
11 1 733
11 2 535
11 3 706
11 4 233
11 5 75
11 6 686
11 7 251
11 8 659
11 9 131
11 10 126
11 12 624
11 13 292
11 14 499
11 15 427
12 0 840
12 1 345
12 2 379
12 3 312
12 4 468
12 5 663
12 6 71
12 7 459
12 8 611
12 9 560
12 10 727
12 11 624
12 13 855
12 14 129
12 15 212
13 0 805
13 1 864
13 2 644
13 3 846
13 4 524
13 5 322
13 6 923
13 7 403
13 8 664
13 9 421
13 10 303
13 11 292
13 12 855
13 14 741
13 15 644
14 0 830
14 1 397
14 2 354
14 3 362
14 4 342
14 5 535
14 6 188
14 7 355
14 8 591
14 9 431
14 10 599
14 11 499
14 12 129
14 13 741
14 15 116
15 0 732
15 1 359
15 2 259
15 3 326
15 4 322
15 5 476
15 6 281
15 7 248
15 8 491
15 9 387
15 10 540
15 11 427
15 12 212
15 13 644
15 14 116
