nnodes narcs type
16 240 digraph
nodename posx posy
0 573 952
1 645 795
2 27 619
3 555 339
4 797 957
5 330 639
6 505 347
7 472 230
8 189 224
9 384 376
10 282 957
11 632 627
12 972 744
13 258 358
14 709 455
15 410 648
tail head weight
0 1 173
0 2 640
0 3 614
0 4 225
0 5 397
0 6 609
0 7 730
0 8 824
0 9 607
0 10 292
0 11 331
0 12 450
0 13 673
0 14 516
0 15 345
1 0 173
1 2 643
1 3 465
1 4 223
1 5 352
1 6 470
1 7 591
1 8 731
1 9 494
1 10 398
1 11 169
1 12 331
1 13 584
1 14 346
1 15 278
2 0 640
2 1 643
2 3 598
2 4 841
2 5 304
2 6 550
2 7 592
2 8 427
2 9 432
2 10 424
2 11 606
2 12 954
2 13 349
2 14 702
2 15 385
3 0 614
3 1 465
3 2 598
3 4 664
3 5 375
3 6 51
3 7 138
3 8 384
3 9 175
3 10 676
3 11 299
3 12 582
3 13 298
3 14 193
3 15 342
4 0 225
4 1 223
4 2 841
4 3 664
4 5 565
4 6 677
4 7 797
4 8 953
4 9 713
4 10 515
4 11 369
4 12 276
4 13 806
4 14 510
4 15 496
5 0 397
5 1 352
5 2 304
5 3 375
5 4 565
5 6 341
5 7 433
5 8 439
5 9 269
5 10 322
5 11 303
5 12 651
5 13 291
5 14 422
5 15 81
6 0 609
6 1 470
6 2 550
6 3 51
6 4 677
6 5 341
6 7 122
6 8 340
6 9 125
6 10 650
6 11 308
6 12 613
6 13 248
6 14 231
6 15 316
7 0 730
7 1 591
7 2 592
7 3 138
7 4 797
7 5 433
7 6 122
7 8 284
7 9 171
7 10 752
7 11 429
7 12 718
7 13 250
7 14 327
7 15 423
8 0 824
8 1 731
8 2 427
8 3 384
8 4 953
8 5 439
8 6 340
8 7 284
8 9 248
8 10 739
8 11 599
8 12 940
8 13 151
8 14 569
8 15 479
9 0 607
9 1 494
9 2 432
9 3 175
9 4 713
9 5 269
9 6 125
9 7 171
9 8 248
9 10 590
9 11 353
9 12 694
9 13 128
9 14 335
9 15 274
10 0 292
10 1 398
10 2 424
10 3 676
10 4 515
10 5 322
10 6 650
10 7 752
10 8 739
10 9 590
10 11 482
10 12 723
10 13 600
10 14 660
10 15 335
11 0 331
11 1 169
11 2 606
11 3 299
11 4 369
11 5 303
11 6 308
11 7 429
11 8 599
11 9 353
11 10 482
11 12 360
11 13 461
11 14 189
11 15 223
12 0 450
12 1 331
12 2 954
12 3 582
12 4 276
12 5 651
12 6 613
12 7 718
12 8 940
12 9 694
12 10 723
12 11 360
12 13 812
12 14 391
12 15 571
13 0 673
13 1 584
13 2 349
13 3 298
13 4 806
13 5 291
13 6 248
13 7 250
13 8 151
13 9 128
13 10 600
13 11 461
13 12 812
13 14 462
13 15 328
14 0 516
14 1 346
14 2 702
14 3 193
14 4 510
14 5 422
14 6 231
14 7 327
14 8 569
14 9 335
14 10 660
14 11 189
14 12 391
14 13 462
14 15 356
15 0 345
15 1 278
15 2 385
15 3 342
15 4 496
15 5 81
15 6 316
15 7 423
15 8 479
15 9 274
15 10 335
15 11 223
15 12 571
15 13 328
15 14 356
