nnodes narcs type
18 306 digraph
nodename posx posy
0 317 676
1 224 818
2 233 683
3 663 974
4 826 373
5 671 607
6 471 232
7 691 112
8 829 496
9 441 563
10 267 509
11 806 385
12 386 112
13 612 624
14 951 80
15 698 112
16 1 641
17 219 565
tail head weight
0 1 170
0 2 85
0 3 457
0 4 593
0 5 361
0 6 470
0 7 677
0 8 543
0 9 168
0 10 175
0 11 570
0 12 569
0 13 300
0 14 871
0 15 681
0 16 318
0 17 149
1 0 170
1 2 136
1 3 466
1 4 749
1 5 495
1 6 636
1 7 847
1 8 686
1 9 335
1 10 312
1 11 726
1 12 725
1 13 434
1 14 1036
1 15 851
1 16 285
1 17 254
2 0 85
2 1 136
2 3 520
2 4 670
2 5 445
2 6 510
2 7 732
2 8 625
2 9 241
2 10 178
2 11 646
2 12 592
2 13 384
2 14 938
2 15 737
2 16 236
2 17 119
3 0 457
3 1 466
3 2 520
3 4 623
3 5 368
3 6 767
3 7 863
3 8 507
3 9 468
3 10 611
3 11 607
3 12 906
3 13 354
3 14 940
3 15 863
3 16 742
3 17 604
4 0 593
4 1 749
4 2 670
4 3 623
4 5 281
4 6 382
4 7 294
4 8 124
4 9 430
4 10 576
4 11 24
4 12 512
4 13 330
4 14 319
4 15 291
4 16 868
4 17 637
5 0 361
5 1 495
5 2 445
5 3 368
5 4 281
5 6 425
5 7 496
5 8 194
5 9 235
5 10 416
5 11 260
5 12 572
5 13 62
5 14 597
5 15 496
5 16 671
5 17 454
6 0 470
6 1 636
6 2 510
6 3 767
6 4 382
6 5 425
6 7 251
6 8 445
6 9 333
6 10 345
6 11 369
6 12 148
6 13 417
6 14 504
6 15 257
6 16 624
6 17 418
7 0 677
7 1 847
7 2 732
7 3 863
7 4 294
7 5 496
7 6 251
7 8 409
7 9 516
7 10 581
7 11 297
7 12 305
7 13 519
7 14 262
7 15 7
7 16 870
7 17 655
8 0 543
8 1 686
8 2 625
8 3 507
8 4 124
8 5 194
8 6 445
8 7 409
8 9 394
8 10 563
8 11 114
8 12 587
8 13 252
8 14 434
8 15 406
8 16 841
8 17 614
9 0 168
9 1 335
9 2 241
9 3 468
9 4 430
9 5 235
9 6 333
9 7 516
9 8 394
9 10 183
9 11 407
9 12 455
9 13 182
9 14 703
9 15 520
9 16 447
9 17 223
10 0 175
10 1 312
10 2 178
10 3 611
10 4 576
10 5 416
10 6 345
10 7 581
10 8 563
10 9 183
10 11 554
10 12 415
10 13 364
10 14 808
10 15 586
10 16 297
10 17 74
11 0 570
11 1 726
11 2 646
11 3 607
11 4 24
11 5 260
11 6 369
11 7 297
11 8 114
11 9 407
11 10 554
11 12 501
11 13 308
11 14 338
11 15 294
11 16 845
11 17 614
12 0 569
12 1 725
12 2 592
12 3 906
12 4 512
12 5 572
12 6 148
12 7 305
12 8 587
12 9 455
12 10 415
12 11 501
12 13 560
12 14 566
12 15 312
12 16 655
12 17 483
13 0 300
13 1 434
13 2 384
13 3 354
13 4 330
13 5 62
13 6 417
13 7 519
13 8 252
13 9 182
13 10 364
13 11 308
13 12 560
13 14 641
13 15 520
13 16 612
13 17 398
14 0 871
14 1 1036
14 2 938
14 3 940
14 4 319
14 5 597
14 6 504
14 7 262
14 8 434
14 9 703
14 10 808
14 11 338
14 12 566
14 13 641
14 15 256
14 16 1104
14 17 879
15 0 681
15 1 851
15 2 737
15 3 863
15 4 291
15 5 496
15 6 257
15 7 7
15 8 406
15 9 520
15 10 586
15 11 294
15 12 312
15 13 520
15 14 256
15 16 876
15 17 660
16 0 318
16 1 285
16 2 236
16 3 742
16 4 868
16 5 671
16 6 624
16 7 870
16 8 841
16 9 447
16 10 297
16 11 845
16 12 655
16 13 612
16 14 1104
16 15 876
16 17 231
17 0 149
17 1 254
17 2 119
17 3 604
17 4 637
17 5 454
17 6 418
17 7 655
17 8 614
17 9 223
17 10 74
17 11 614
17 12 483
17 13 398
17 14 879
17 15 660
17 16 231
