nnodes narcs type
18 306 digraph
nodename posx posy
0 854 996
1 735 224
2 384 402
3 637 129
4 52 683
5 729 671
6 709 415
7 246 835
8 438 202
9 183 122
10 400 766
11 293 279
12 836 883
13 609 197
14 981 906
15 510 751
16 143 608
17 200 123
tail head weight
0 1 782
0 2 758
0 3 894
0 4 861
0 5 349
0 6 599
0 7 629
0 8 897
0 9 1102
0 10 509
0 11 911
0 12 115
0 13 836
0 14 156
0 15 423
0 16 810
0 17 1091
1 0 782
1 2 394
1 3 137
1 4 823
1 5 448
1 6 193
1 7 783
1 8 298
1 9 562
1 10 638
1 11 446
1 12 667
1 13 129
1 14 726
1 15 574
1 16 706
1 17 545
2 0 758
2 1 394
2 3 373
2 4 435
2 5 438
2 6 326
2 7 455
2 8 208
2 9 345
2 10 365
2 11 154
2 12 661
2 13 305
2 14 782
2 15 372
2 16 318
2 17 335
3 0 894
3 1 137
3 2 373
3 4 806
3 5 550
3 6 295
3 7 808
3 8 212
3 9 455
3 10 680
3 11 376
3 12 780
3 13 74
3 14 850
3 15 635
3 16 689
3 17 438
4 0 861
4 1 823
4 2 435
4 3 806
4 5 678
4 6 710
4 7 247
4 8 617
4 9 577
4 10 358
4 11 471
4 12 810
4 13 740
4 14 956
4 15 464
4 16 118
4 17 580
5 0 349
5 1 448
5 2 438
5 3 550
5 4 678
5 6 257
5 7 511
5 8 552
5 9 775
5 10 343
5 11 587
5 12 238
5 13 489
5 14 345
5 15 234
5 16 590
5 17 762
6 0 599
6 1 193
6 2 326
6 3 295
6 4 710
6 5 257
6 7 626
6 8 345
6 9 603
6 10 468
6 11 438
6 12 485
6 13 240
6 14 562
6 15 391
6 16 599
6 17 587
7 0 629
7 1 783
7 2 455
7 3 808
7 4 247
7 5 511
7 6 626
7 8 662
7 9 716
7 10 169
7 11 558
7 12 592
7 13 735
7 14 739
7 15 278
7 16 250
7 17 714
8 0 897
8 1 298
8 2 208
8 3 212
8 4 617
8 5 552
8 6 345
8 7 662
8 9 268
8 10 566
8 11 165
8 12 789
8 13 172
8 14 890
8 15 554
8 16 502
8 17 251
9 0 1102
9 1 562
9 2 345
9 3 455
9 4 577
9 5 775
9 6 603
9 7 716
9 8 268
9 10 680
9 11 192
9 12 1003
9 13 433
9 14 1119
9 15 709
9 16 488
9 17 18
10 0 509
10 1 638
10 2 365
10 3 680
10 4 358
10 5 343
10 6 468
10 7 169
10 8 566
10 9 680
10 11 499
10 12 452
10 13 607
10 14 598
10 15 112
10 16 302
10 17 674
11 0 911
11 1 446
11 2 154
11 3 376
11 4 471
11 5 587
11 6 438
11 7 558
11 8 165
11 9 192
11 10 499
11 12 813
11 13 327
11 14 931
11 15 520
11 16 362
11 17 182
12 0 115
12 1 667
12 2 661
12 3 780
12 4 810
12 5 238
12 6 485
12 7 592
12 8 789
12 9 1003
12 10 452
12 11 813
12 13 723
12 14 147
12 15 352
12 16 746
12 17 992
13 0 836
13 1 129
13 2 305
13 3 74
13 4 740
13 5 489
13 6 240
13 7 735
13 8 172
13 9 433
13 10 607
13 11 327
13 12 723
13 14 801
13 15 563
13 16 622
13 17 416
14 0 156
14 1 726
14 2 782
14 3 850
14 4 956
14 5 345
14 6 562
14 7 739
14 8 890
14 9 1119
14 10 598
14 11 931
14 12 147
14 13 801
14 15 496
14 16 890
14 17 1106
15 0 423
15 1 574
15 2 372
15 3 635
15 4 464
15 5 234
15 6 391
15 7 278
15 8 554
15 9 709
15 10 112
15 11 520
15 12 352
15 13 563
15 14 496
15 16 394
15 17 701
16 0 810
16 1 706
16 2 318
16 3 689
16 4 118
16 5 590
16 6 599
16 7 250
16 8 502
16 9 488
16 10 302
16 11 362
16 12 746
16 13 622
16 14 890
16 15 394
16 17 489
17 0 1091
17 1 545
17 2 335
17 3 438
17 4 580
17 5 762
17 6 587
17 7 714
17 8 251
17 9 18
17 10 674
17 11 182
17 12 992
17 13 416
17 14 1106
17 15 701
17 16 489
