nnodes narcs type
18 306 digraph
nodename posx posy
0 186 325
1 463 348
2 770 659
3 763 954
4 931 402
5 345 962
6 510 146
7 147 863
8 710 819
9 488 928
10 935 639
11 550 337
12 871 640
13 778 987
14 952 472
15 945 150
16 414 989
17 297 610
tail head weight
0 1 278
0 2 673
0 3 854
0 4 749
0 5 657
0 6 371
0 7 540
0 8 721
0 9 675
0 10 813
0 11 365
0 12 754
0 13 889
0 14 780
0 15 779
0 16 703
0 17 306
1 0 278
1 2 438
1 3 677
1 4 472
1 5 626
1 6 208
1 7 605
1 8 532
1 9 581
1 10 555
1 11 88
1 12 502
1 13 713
1 14 505
1 15 522
1 16 643
1 17 311
2 0 673
2 1 438
2 3 296
2 4 304
2 5 522
2 6 576
2 7 656
2 8 171
2 9 390
2 10 167
2 11 390
2 12 103
2 13 329
2 14 261
2 15 539
2 16 486
2 17 476
3 0 854
3 1 677
3 2 296
3 4 577
3 5 419
3 6 847
3 7 623
3 8 146
3 9 277
3 10 359
3 11 653
3 12 333
3 13 37
3 14 518
3 15 825
3 16 351
3 17 580
4 0 749
4 1 472
4 2 304
4 3 577
4 5 811
4 6 493
4 7 910
4 8 472
4 9 688
4 10 238
4 11 387
4 12 246
4 13 605
4 14 74
4 15 253
4 16 783
4 17 668
5 0 657
5 1 626
5 2 522
5 3 419
5 4 811
5 6 833
5 7 222
5 8 393
5 9 147
5 10 673
5 11 658
5 12 617
5 13 434
5 14 781
5 15 1010
5 16 75
5 17 356
6 0 371
6 1 208
6 2 576
6 3 847
6 4 493
6 5 833
6 7 804
6 8 703
6 9 783
6 10 651
6 11 196
6 12 612
6 13 883
6 14 550
6 15 436
6 16 849
6 17 511
7 0 540
7 1 605
7 2 656
7 3 623
7 4 910
7 5 222
7 6 804
7 8 565
7 9 348
7 10 820
7 11 663
7 12 758
7 13 644
7 14 895
7 15 1071
7 16 296
7 17 295
8 0 721
8 1 532
8 2 171
8 3 146
8 4 472
8 5 393
8 6 703
8 7 565
8 9 248
8 10 289
8 11 508
8 12 241
8 13 182
8 14 424
8 15 710
8 16 342
8 17 463
9 0 675
9 1 581
9 2 390
9 3 277
9 4 688
9 5 147
9 6 783
9 7 348
9 8 248
9 10 533
9 11 595
9 12 480
9 13 296
9 14 651
9 15 903
9 16 96
9 17 371
10 0 813
10 1 555
10 2 167
10 3 359
10 4 238
10 5 673
10 6 651
10 7 820
10 8 289
10 9 533
10 11 490
10 12 65
10 13 382
10 14 168
10 15 490
10 16 628
10 17 639
11 0 365
11 1 88
11 2 390
11 3 653
11 4 387
11 5 658
11 6 196
11 7 663
11 8 508
11 9 595
11 10 490
11 12 442
11 13 689
11 14 425
11 15 438
11 16 667
11 17 373
12 0 754
12 1 502
12 2 103
12 3 333
12 4 246
12 5 617
12 6 612
12 7 758
12 8 241
12 9 480
12 10 65
12 11 442
12 13 360
12 14 187
12 15 496
12 16 576
12 17 575
13 0 889
13 1 713
13 2 329
13 3 37
13 4 605
13 5 434
13 6 883
13 7 644
13 8 182
13 9 296
13 10 382
13 11 689
13 12 360
13 14 544
13 15 854
13 16 365
13 17 612
14 0 780
14 1 505
14 2 261
14 3 518
14 4 74
14 5 781
14 6 550
14 7 895
14 8 424
14 9 651
14 10 168
14 11 425
14 12 187
14 13 544
14 15 323
14 16 747
14 17 670
15 0 779
15 1 522
15 2 539
15 3 825
15 4 253
15 5 1010
15 6 436
15 7 1071
15 8 710
15 9 903
15 10 490
15 11 438
15 12 496
15 13 854
15 14 323
15 16 993
15 17 795
16 0 703
16 1 643
16 2 486
16 3 351
16 4 783
16 5 75
16 6 849
16 7 296
16 8 342
16 9 96
16 10 628
16 11 667
16 12 576
16 13 365
16 14 747
16 15 993
16 17 397
17 0 306
17 1 311
17 2 476
17 3 580
17 4 668
17 5 356
17 6 511
17 7 295
17 8 463
17 9 371
17 10 639
17 11 373
17 12 575
17 13 612
17 14 670
17 15 795
17 16 397
