nnodes narcs type
20 380 digraph
nodename posx posy
0 262 763
1 143 345
2 623 571
3 880 1
4 896 303
5 253 651
6 452 36
7 159 8
8 232 98
9 658 815
10 207 130
11 403 151
12 53 119
13 672 919
14 627 586
15 624 967
16 419 421
17 103 851
18 253 226
19 111 509
tail head weight
0 1 435
0 2 409
0 3 982
0 4 784
0 5 113
0 6 752
0 7 762
0 8 666
0 9 400
0 10 636
0 11 629
0 12 678
0 13 439
0 14 406
0 15 416
0 16 377
0 17 182
0 18 538
0 19 296
1 0 435
1 2 531
1 3 814
1 4 755
1 5 326
1 6 437
1 7 338
1 8 263
1 9 698
1 10 225
1 11 325
1 12 244
1 13 781
1 14 541
1 15 787
1 16 287
1 17 508
1 18 163
1 19 168
2 0 409
2 1 531
2 3 626
2 4 383
2 5 379
2 6 562
2 7 730
2 8 614
2 9 247
2 10 607
2 11 475
2 12 728
2 13 352
2 14 16
2 15 397
2 16 254
2 17 591
2 18 506
2 19 516
3 0 982
3 1 814
3 2 626
3 4 303
3 5 904
3 6 430
3 7 722
3 8 656
3 9 844
3 10 686
3 11 501
3 12 836
3 13 942
3 14 638
3 15 1000
3 16 624
3 17 1152
3 18 667
3 19 922
4 0 784
4 1 755
4 2 383
4 3 303
4 5 732
4 6 519
4 7 794
4 8 695
4 9 565
4 10 711
4 11 516
4 12 863
4 13 656
4 14 391
4 15 718
4 16 492
4 17 964
4 18 648
4 19 812
5 0 113
5 1 326
5 2 379
5 3 904
5 4 732
5 6 647
5 7 650
5 8 554
5 9 437
5 10 524
5 11 523
5 12 569
5 13 498
5 14 380
5 15 488
5 16 284
5 17 250
5 18 425
5 19 201
6 0 752
6 1 437
6 2 562
6 3 430
6 4 519
6 5 647
6 7 295
6 8 229
6 9 806
6 10 263
6 11 126
6 12 408
6 13 910
6 14 578
6 15 947
6 16 387
6 17 887
6 18 276
6 19 584
7 0 762
7 1 338
7 2 730
7 3 722
7 4 794
7 5 650
7 6 295
7 8 116
7 9 949
7 10 132
7 11 283
7 12 154
7 13 1046
7 14 744
7 15 1066
7 16 489
7 17 845
7 18 238
7 19 504
8 0 666
8 1 263
8 2 614
8 3 656
8 4 695
8 5 554
8 6 229
8 7 116
8 9 835
8 10 41
8 11 180
8 12 181
8 13 932
8 14 628
8 15 954
8 16 374
8 17 764
8 18 130
8 19 429
9 0 400
9 1 698
9 2 247
9 3 844
9 4 565
9 5 437
9 6 806
9 7 949
9 8 835
9 10 821
9 11 712
9 12 923
9 13 105
9 14 232
9 15 156
9 16 461
9 17 557
9 18 715
9 19 627
10 0 636
10 1 225
10 2 607
10 3 686
10 4 711
10 5 524
10 6 263
10 7 132
10 8 41
10 9 821
10 11 198
10 12 155
10 13 916
10 14 620
10 15 936
10 16 361
10 17 729
10 18 107
10 19 391
11 0 629
11 1 325
11 2 475
11 3 501
11 4 516
11 5 523
11 6 126
11 7 283
11 8 180
11 9 712
11 10 198
11 12 352
11 13 814
11 14 490
11 15 846
11 16 271
11 17 762
11 18 168
11 19 462
12 0 678
12 1 244
12 2 728
12 3 836
12 4 863
12 5 569
12 6 408
12 7 154
12 8 181
12 9 923
12 10 155
12 11 352
12 13 1012
12 14 740
12 15 1023
12 16 475
12 17 734
12 18 227
12 19 395
13 0 439
13 1 781
13 2 352
13 3 942
13 4 656
13 5 498
13 6 910
13 7 1046
13 8 932
13 9 105
13 10 916
13 11 814
13 12 1012
13 14 337
13 15 68
13 16 559
13 17 574
13 18 810
13 19 695
14 0 406
14 1 541
14 2 16
14 3 638
14 4 391
14 5 380
14 6 578
14 7 744
14 8 628
14 9 232
14 10 620
14 11 490
14 12 740
14 13 337
14 15 382
14 16 266
14 17 588
14 18 520
14 19 522
15 0 416
15 1 787
15 2 397
15 3 1000
15 4 718
15 5 488
15 6 947
15 7 1066
15 8 954
15 9 156
15 10 936
15 11 846
15 12 1023
15 13 68
15 14 382
15 16 584
15 17 534
15 18 829
15 19 688
16 0 377
16 1 287
16 2 254
16 3 624
16 4 492
16 5 284
16 6 387
16 7 489
16 8 374
16 9 461
16 10 361
16 11 271
16 12 475
16 13 559
16 14 266
16 15 584
16 17 534
16 18 257
16 19 321
17 0 182
17 1 508
17 2 591
17 3 1152
17 4 964
17 5 250
17 6 887
17 7 845
17 8 764
17 9 557
17 10 729
17 11 762
17 12 734
17 13 574
17 14 588
17 15 534
17 16 534
17 18 643
17 19 343
18 0 538
18 1 163
18 2 506
18 3 667
18 4 648
18 5 425
18 6 276
18 7 238
18 8 130
18 9 715
18 10 107
18 11 168
18 12 227
18 13 810
18 14 520
18 15 829
18 16 257
18 17 643
18 19 317
19 0 296
19 1 168
19 2 516
19 3 922
19 4 812
19 5 201
19 6 584
19 7 504
19 8 429
19 9 627
19 10 391
19 11 462
19 12 395
19 13 695
19 14 522
19 15 688
19 16 321
19 17 343
19 18 317
