nnodes narcs type
20 380 digraph
nodename posx posy
0 229 364
1 562 437
2 775 282
3 26 225
4 276 797
5 608 283
6 878 959
7 480 452
8 828 815
9 658 515
10 546 191
11 48 511
12 16 171
13 219 157
14 476 45
15 372 517
16 98 891
17 744 36
18 279 348
19 496 301
tail head weight
0 1 341
0 2 553
0 3 247
0 4 436
0 5 388
0 6 881
0 7 266
0 8 750
0 9 455
0 10 362
0 11 234
0 12 288
0 13 208
0 14 404
0 15 210
0 16 544
0 17 611
0 18 53
0 19 275
1 0 341
1 2 264
1 3 577
1 4 460
1 5 161
1 6 611
1 7 84
1 8 463
1 9 124
1 10 247
1 11 520
1 12 608
1 13 443
1 14 402
1 15 207
1 16 650
1 17 441
1 18 297
1 19 152
2 0 553
2 1 264
2 3 752
2 4 718
2 5 168
2 6 685
2 7 341
2 8 536
2 9 261
2 10 247
2 11 763
2 12 768
2 13 570
2 14 382
2 15 467
2 16 911
2 17 248
2 18 501
2 19 280
3 0 247
3 1 577
3 2 752
3 4 625
3 5 585
3 6 1125
3 7 508
3 8 996
3 9 696
3 10 522
3 11 287
3 12 55
3 13 205
3 14 485
3 15 453
3 16 670
3 17 743
3 18 282
3 19 477
4 0 436
4 1 460
4 2 718
4 3 625
4 5 612
4 6 624
4 7 401
4 8 553
4 9 475
4 10 664
4 11 366
4 12 678
4 13 643
4 14 779
4 15 296
4 16 202
4 17 894
4 18 450
4 19 543
5 0 388
5 1 161
5 2 168
5 3 585
5 4 612
5 6 728
5 7 213
5 8 576
5 9 238
5 10 111
5 11 605
5 12 603
5 13 409
5 14 273
5 15 333
5 16 794
5 17 282
5 18 336
5 19 114
6 0 881
6 1 611
6 2 685
6 3 1125
6 4 624
6 5 728
6 7 645
6 8 153
6 9 496
6 10 837
6 11 944
6 12 1168
6 13 1039
6 14 999
6 15 672
6 16 783
6 17 933
6 18 856
6 19 761
7 0 266
7 1 84
7 2 341
7 3 508
7 4 401
7 5 213
7 6 645
7 8 503
7 9 189
7 10 270
7 11 437
7 12 543
7 13 394
7 14 408
7 15 127
7 16 582
7 17 493
7 18 227
7 19 152
8 0 750
8 1 463
8 2 536
8 3 996
8 4 553
8 5 576
8 6 153
8 7 503
8 9 345
8 10 685
8 11 838
8 12 1037
8 13 897
8 14 847
8 15 545
8 16 734
8 17 784
8 18 721
8 19 612
9 0 455
9 1 124
9 2 261
9 3 696
9 4 475
9 5 238
9 6 496
9 7 189
9 8 345
9 10 343
9 11 611
9 12 729
9 13 567
9 14 505
9 15 287
9 16 675
9 17 487
9 18 415
9 19 269
10 0 362
10 1 247
10 2 247
10 3 522
10 4 664
10 5 111
10 6 837
10 7 270
10 8 685
10 9 343
10 11 592
10 12 531
10 13 329
10 14 162
10 15 370
10 16 832
10 17 252
10 18 310
10 19 121
11 0 234
11 1 520
11 2 763
11 3 287
11 4 366
11 5 605
11 6 944
11 7 437
11 8 838
11 9 611
11 10 592
11 12 342
11 13 394
11 14 633
11 15 325
11 16 384
11 17 843
11 18 283
11 19 495
12 0 288
12 1 608
12 2 768
12 3 55
12 4 678
12 5 603
12 6 1168
12 7 543
12 8 1037
12 9 729
12 10 531
12 11 342
12 13 204
12 14 477
12 15 497
12 16 725
12 17 741
12 18 318
12 19 498
13 0 208
13 1 443
13 2 570
13 3 205
13 4 643
13 5 409
13 6 1039
13 7 394
13 8 897
13 9 567
13 10 329
13 11 394
13 12 204
13 14 281
13 15 392
13 16 744
13 17 539
13 18 201
13 19 313
14 0 404
14 1 402
14 2 382
14 3 485
14 4 779
14 5 273
14 6 999
14 7 408
14 8 847
14 9 505
14 10 162
14 11 633
14 12 477
14 13 281
14 15 484
14 16 927
14 17 269
14 18 362
14 19 257
15 0 210
15 1 207
15 2 467
15 3 453
15 4 296
15 5 333
15 6 672
15 7 127
15 8 545
15 9 287
15 10 370
15 11 325
15 12 497
15 13 392
15 14 484
15 16 464
15 17 609
15 18 193
15 19 250
16 0 544
16 1 650
16 2 911
16 3 670
16 4 202
16 5 794
16 6 783
16 7 582
16 8 734
16 9 675
16 10 832
16 11 384
16 12 725
16 13 744
16 14 927
16 15 464
16 17 1072
16 18 573
16 19 712
17 0 611
17 1 441
17 2 248
17 3 743
17 4 894
17 5 282
17 6 933
17 7 493
17 8 784
17 9 487
17 10 252
17 11 843
17 12 741
17 13 539
17 14 269
17 15 609
17 16 1072
17 18 560
17 19 363
18 0 53
18 1 297
18 2 501
18 3 282
18 4 450
18 5 336
18 6 856
18 7 227
18 8 721
18 9 415
18 10 310
18 11 283
18 12 318
18 13 201
18 14 362
18 15 193
18 16 573
18 17 560
18 19 223
19 0 275
19 1 152
19 2 280
19 3 477
19 4 543
19 5 114
19 6 761
19 7 152
19 8 612
19 9 269
19 10 121
19 11 495
19 12 498
19 13 313
19 14 257
19 15 250
19 16 712
19 17 363
19 18 223
