nnodes narcs type
12 132 digraph
nodename posx posy
0 957 686
11 776 345
1 957 562
6 646 20
2 875 566
7 840 166
3 243 831
8 273 387
4 504 130
9 600 315
5 484 818
10 13 241
tail head weight
0 1 124
0 2 120
0 3 714
0 4 556
0 5 473
0 6 666
0 7 520
0 8 684
0 9 371
0 10 944
0 11 341
1 0 124
1 2 82
1 3 714
1 4 453
1 5 473
1 6 542
1 7 396
1 8 684
1 9 357
1 10 944
1 11 217
2 0 120
2 1 82
2 3 632
2 4 436
2 5 391
2 6 546
2 7 400
2 8 602
2 9 275
2 10 862
2 11 221
3 0 714
3 1 714
3 2 632
3 4 701
3 5 241
3 6 811
3 7 665
3 8 444
3 9 516
3 10 590
3 11 533
4 0 556
4 1 453
4 2 436
4 3 701
4 5 688
4 6 142
4 7 336
4 8 257
4 9 185
4 10 491
4 11 272
5 0 473
5 1 473
5 2 391
5 3 241
5 4 688
5 6 798
5 7 652
5 8 431
5 9 503
5 10 577
5 11 473
6 0 666
6 1 542
6 2 546
6 3 811
6 4 142
6 5 798
6 7 194
6 8 373
6 9 295
6 10 633
6 11 325
7 0 520
7 1 396
7 2 400
7 3 665
7 4 336
7 5 652
7 6 194
7 8 567
7 9 240
7 10 827
7 11 179
8 0 684
8 1 684
8 2 602
8 3 444
8 4 257
8 5 431
8 6 373
8 7 567
8 9 327
8 10 260
8 11 503
9 0 371
9 1 357
9 2 275
9 3 516
9 4 185
9 5 503
9 6 295
9 7 240
9 8 327
9 10 587
9 11 176
10 0 944
10 1 944
10 2 862
10 3 590
10 4 491
10 5 577
10 6 633
10 7 827
10 8 260
10 9 587
10 11 763
11 0 341
11 1 217
11 2 221
11 3 533
11 4 272
11 5 473
11 6 325
11 7 179
11 8 503
11 9 176
11 10 763
