nnodes narcs type
52 2652 digraph
nodename posx posy
0 66 232
51 867 844
1 108 145
26 39 228
2 110 227
27 547 919
3 110 469
28 222 5
4 33 622
29 321 467
5 775 935
30 731 74
6 368 747
31 3 846
7 594 553
32 645 117
8 424 612
33 880 605
9 517 691
34 503 997
10 281 319
35 946 573
11 737 442
36 440 193
12 951 314
37 846 714
13 876 965
38 391 25
14 740 376
39 434 172
15 288 436
40 299 644
16 661 276
41 325 409
17 709 581
42 117 835
18 502 623
43 786 723
19 515 349
44 224 531
20 842 445
45 112 139
21 829 349
46 558 0
22 606 663
47 89 653
23 822 136
48 319 549
24 758 898
49 804 893
25 242 542
50 138 510
tail head weight
0 1 87
0 2 44
0 3 237
0 4 390
0 5 709
0 6 515
0 7 528
0 8 380
0 9 459
0 10 215
0 11 671
0 12 885
0 13 810
0 14 674
0 15 222
0 16 595
0 17 643
0 18 436
0 19 449
0 20 776
0 21 763
0 22 540
0 23 756
0 24 692
0 25 310
0 26 27
0 27 687
0 28 227
0 29 255
0 30 665
0 31 614
0 32 579
0 33 814
0 34 765
0 35 880
0 36 374
0 37 780
0 38 325
0 39 368
0 40 412
0 41 259
0 42 603
0 43 720
0 44 299
0 45 93
0 46 492
0 47 421
0 48 317
0 49 738
0 50 278
0 51 801
1 0 87
1 2 82
1 3 324
1 4 477
1 5 790
1 6 602
1 7 486
1 8 467
1 9 546
1 10 174
1 11 629
1 12 843
1 13 820
1 14 632
1 15 291
1 16 553
1 17 601
1 18 478
1 19 407
1 20 734
1 21 721
1 22 518
1 23 714
1 24 753
1 25 397
1 26 83
1 27 774
1 28 140
1 29 322
1 30 623
1 31 701
1 32 537
1 33 772
1 34 852
1 35 838
1 36 332
1 37 738
1 38 283
1 39 326
1 40 499
1 41 264
1 42 690
1 43 678
1 44 386
1 45 6
1 46 450
1 47 508
1 48 404
1 49 748
1 50 365
1 51 759
2 0 44
2 1 82
2 3 242
2 4 395
2 5 708
2 6 520
2 7 484
2 8 385
2 9 464
2 10 171
2 11 627
2 12 841
2 13 766
2 14 630
2 15 209
2 16 551
2 17 599
2 18 396
2 19 405
2 20 732
2 21 719
2 22 496
2 23 712
2 24 671
2 25 315
2 26 71
2 27 692
2 28 222
2 29 240
2 30 621
2 31 619
2 32 535
2 33 770
2 34 770
2 35 836
2 36 330
2 37 736
2 38 281
2 39 324
2 40 417
2 41 215
2 42 608
2 43 676
2 44 304
2 45 88
2 46 448
2 47 426
2 48 322
2 49 694
2 50 283
2 51 757
3 0 237
3 1 324
3 2 242
3 4 153
3 5 665
3 6 278
3 7 484
3 8 314
3 9 407
3 10 171
3 11 627
3 12 841
3 13 766
3 14 630
3 15 178
3 16 551
3 17 599
3 18 392
3 19 405
3 20 732
3 21 719
3 22 496
3 23 712
3 24 648
3 25 132
3 26 241
3 27 450
3 28 464
3 29 211
3 30 621
3 31 377
3 32 535
3 33 770
3 34 528
3 35 836
3 36 330
3 37 736
3 38 444
3 39 324
3 40 189
3 41 215
3 42 366
3 43 676
3 44 114
3 45 330
3 46 469
3 47 184
3 48 209
3 49 694
3 50 41
3 51 757
4 0 390
4 1 477
4 2 395
4 3 153
4 5 742
4 6 335
4 7 561
4 8 391
4 9 484
4 10 303
4 11 704
4 12 918
4 13 843
4 14 707
4 15 255
4 16 628
4 17 676
4 18 469
4 19 482
4 20 809
4 21 796
4 22 573
4 23 789
4 24 725
4 25 209
4 26 394
4 27 514
4 28 617
4 29 288
4 30 698
4 31 224
4 32 612
4 33 847
4 34 470
4 35 913
4 36 429
4 37 813
4 38 597
4 39 450
4 40 266
4 41 292
4 42 213
4 43 753
4 44 191
4 45 483
4 46 622
4 47 56
4 48 286
4 49 771
4 50 112
4 51 834
5 0 709
5 1 790
5 2 708
5 3 665
5 4 742
5 6 407
5 7 382
5 8 351
5 9 258
5 10 616
5 11 493
5 12 621
5 13 101
5 14 559
5 15 499
5 16 659
5 17 354
5 18 312
5 19 586
5 20 490
5 21 586
5 22 272
5 23 799
5 24 37
5 25 533
5 26 736
5 27 228
5 28 930
5 29 468
5 30 861
5 31 772
5 32 818
5 33 330
5 34 272
5 35 362
5 36 742
5 37 221
5 38 910
5 39 763
5 40 476
5 41 526
5 42 658
5 43 212
5 44 551
5 45 796
5 46 935
5 47 686
5 48 456
5 49 42
5 50 637
5 51 92
6 0 515
6 1 602
6 2 520
6 3 278
6 4 335
6 5 407
6 7 226
6 8 135
6 9 149
6 10 428
6 11 369
6 12 583
6 13 508
6 14 372
6 15 311
6 16 471
6 17 341
6 18 134
6 19 398
6 20 474
6 21 461
6 22 238
6 23 611
6 24 390
6 25 205
6 26 519
6 27 179
6 28 742
6 29 280
6 30 673
6 31 365
6 32 630
6 33 512
6 34 250
6 35 578
6 36 554
6 37 478
6 38 722
6 39 575
6 40 103
6 41 338
6 42 251
6 43 418
6 44 216
6 45 608
6 46 747
6 47 279
6 48 198
6 49 436
6 50 237
6 51 499
7 0 528
7 1 486
7 2 484
7 3 484
7 4 561
7 5 382
7 6 226
7 8 170
7 9 138
7 10 313
7 11 143
7 12 357
7 13 412
7 14 177
7 15 306
7 16 277
7 17 115
7 18 92
7 19 204
7 20 248
7 21 235
7 22 110
7 23 417
7 24 345
7 25 352
7 26 555
7 27 366
7 28 548
7 29 273
7 30 479
7 31 591
7 32 436
7 33 286
7 34 444
7 35 352
7 36 360
7 37 252
7 38 528
7 39 381
7 40 295
7 41 269
7 42 477
7 43 192
7 44 370
7 45 482
7 46 553
7 47 505
7 48 275
7 49 340
7 50 456
7 51 291
8 0 380
8 1 467
8 2 385
8 3 314
8 4 391
8 5 351
8 6 135
8 7 170
8 9 93
8 10 293
8 11 313
8 12 527
8 13 452
8 14 316
8 15 176
8 16 336
8 17 285
8 18 78
8 19 263
8 20 418
8 21 405
8 22 182
8 23 476
8 24 334
8 25 182
8 26 385
8 27 307
8 28 607
8 29 145
8 30 538
8 31 421
8 32 495
8 33 456
8 34 385
8 35 522
8 36 419
8 37 422
8 38 587
8 39 440
8 40 125
8 41 203
8 42 307
8 43 362
8 44 200
8 45 473
8 46 612
8 47 335
8 48 105
8 49 380
8 50 286
8 51 443
9 0 459
9 1 546
9 2 464
9 3 407
9 4 484
9 5 258
9 6 149
9 7 138
9 8 93
9 10 372
9 11 249
9 12 434
9 13 359
9 14 315
9 15 255
9 16 415
9 17 192
9 18 68
9 19 342
9 20 325
9 21 342
9 22 89
9 23 555
9 24 241
9 25 275
9 26 478
9 27 228
9 28 686
9 29 224
9 30 617
9 31 514
9 32 574
9 33 363
9 34 306
9 35 429
9 36 498
9 37 329
9 38 666
9 39 519
9 40 218
9 41 282
9 42 400
9 43 269
9 44 293
9 45 552
9 46 691
9 47 428
9 48 198
9 49 287
9 50 379
9 51 350
10 0 215
10 1 174
10 2 171
10 3 171
10 4 303
10 5 616
10 6 428
10 7 313
10 8 293
10 9 372
10 11 456
10 12 670
10 13 646
10 14 459
10 15 117
10 16 380
10 17 428
10 18 304
10 19 234
10 20 561
10 21 548
10 22 344
10 23 541
10 24 579
10 25 223
10 26 242
10 27 600
10 28 314
10 29 148
10 30 450
10 31 527
10 32 364
10 33 599
10 34 678
10 35 665
10 36 159
10 37 565
10 38 294
10 39 153
10 40 325
10 41 90
10 42 516
10 43 505
10 44 212
10 45 180
10 46 319
10 47 334
10 48 230
10 49 574
10 50 191
10 51 586
11 0 671
11 1 629
11 2 627
11 3 627
11 4 704
11 5 493
11 6 369
11 7 143
11 8 313
11 9 249
11 10 456
11 12 214
11 13 523
11 14 66
11 15 449
11 16 166
11 17 139
11 18 235
11 19 222
11 20 105
11 21 93
11 22 221
11 23 306
11 24 456
11 25 495
11 26 698
11 27 477
11 28 515
11 29 416
11 30 368
11 31 734
11 32 325
11 33 163
11 34 555
11 35 209
11 36 297
11 37 272
11 38 417
11 39 303
11 40 438
11 41 412
11 42 620
11 43 281
11 44 513
11 45 625
11 46 442
11 47 648
11 48 418
11 49 451
11 50 599
11 51 402
12 0 885
12 1 843
12 2 841
12 3 841
12 4 918
12 5 621
12 6 583
12 7 357
12 8 527
12 9 434
12 10 670
12 11 214
12 13 651
12 14 211
12 15 663
12 16 290
12 17 267
12 18 449
12 19 436
12 20 131
12 21 122
12 22 349
12 23 178
12 24 584
12 25 709
12 26 912
12 27 605
12 28 729
12 29 630
12 30 240
12 31 948
12 32 306
12 33 291
12 34 683
12 35 259
12 36 511
12 37 400
12 38 560
12 39 517
12 40 652
12 41 626
12 42 834
12 43 409
12 44 727
12 45 839
12 46 393
12 47 862
12 48 632
12 49 579
12 50 813
12 51 530
13 0 810
13 1 820
13 2 766
13 3 766
13 4 843
13 5 101
13 6 508
13 7 412
13 8 452
13 9 359
13 10 646
13 11 523
13 12 651
13 14 589
13 15 588
13 16 689
13 17 384
13 18 374
13 19 616
13 20 520
13 21 616
13 22 302
13 23 829
13 24 118
13 25 634
13 26 837
13 27 329
13 28 960
13 29 555
13 30 891
13 31 873
13 32 848
13 33 360
13 34 373
13 35 392
13 36 772
13 37 251
13 38 940
13 39 793
13 40 577
13 41 556
13 42 759
13 43 242
13 44 652
13 45 826
13 46 965
13 47 787
13 48 557
13 49 72
13 50 738
13 51 121
14 0 674
14 1 632
14 2 630
14 3 630
14 4 707
14 5 559
14 6 372
14 7 177
14 8 316
14 9 315
14 10 459
14 11 66
14 12 211
14 13 589
14 15 452
14 16 100
14 17 205
14 18 247
14 19 225
14 20 102
14 21 89
14 22 287
14 23 240
14 24 522
14 25 498
14 26 701
14 27 543
14 28 518
14 29 419
14 30 302
14 31 737
14 32 259
14 33 229
14 34 621
14 35 206
14 36 300
14 37 338
14 38 351
14 39 306
14 40 441
14 41 415
14 42 623
14 43 347
14 44 516
14 45 628
14 46 376
14 47 651
14 48 421
14 49 517
14 50 602
14 51 468
15 0 222
15 1 291
15 2 209
15 3 178
15 4 255
15 5 499
15 6 311
15 7 306
15 8 176
15 9 255
15 10 117
15 11 449
15 12 663
15 13 588
15 14 452
15 16 373
15 17 421
15 18 214
15 19 227
15 20 554
15 21 541
15 22 318
15 23 534
15 24 470
15 25 106
15 26 249
15 27 483
15 28 431
15 29 33
15 30 443
15 31 410
15 32 357
15 33 592
15 34 561
15 35 658
15 36 243
15 37 558
15 38 411
15 39 264
15 40 208
15 41 37
15 42 399
15 43 498
15 44 95
15 45 297
15 46 436
15 47 217
15 48 113
15 49 516
15 50 150
15 51 579
16 0 595
16 1 553
16 2 551
16 3 551
16 4 628
16 5 659
16 6 471
16 7 277
16 8 336
16 9 415
16 10 380
16 11 166
16 12 290
16 13 689
16 14 100
16 15 373
16 17 305
16 18 347
16 19 146
16 20 181
16 21 168
16 22 387
16 23 161
16 24 622
16 25 419
16 26 622
16 27 643
16 28 439
16 29 340
16 30 202
16 31 658
16 32 159
16 33 329
16 34 721
16 35 297
16 36 221
16 37 438
16 38 270
16 39 227
16 40 368
16 41 336
16 42 559
16 43 447
16 44 437
16 45 549
16 46 276
16 47 572
16 48 342
16 49 617
16 50 523
16 51 568
17 0 643
17 1 601
17 2 599
17 3 599
17 4 676
17 5 354
17 6 341
17 7 115
17 8 285
17 9 192
17 10 428
17 11 139
17 12 267
17 13 384
17 14 205
17 15 421
17 16 305
17 18 207
17 19 232
17 20 136
17 21 232
17 22 103
17 23 445
17 24 317
17 25 467
17 26 670
17 27 338
17 28 576
17 29 388
17 30 507
17 31 706
17 32 464
17 33 171
17 34 416
17 35 237
17 36 388
17 37 137
17 38 556
17 39 409
17 40 410
17 41 384
17 42 592
17 43 142
17 44 485
17 45 597
17 46 581
17 47 620
17 48 390
17 49 312
17 50 571
17 51 263
18 0 436
18 1 478
18 2 396
18 3 392
18 4 469
18 5 312
18 6 134
18 7 92
18 8 78
18 9 68
18 10 304
18 11 235
18 12 449
18 13 374
18 14 247
18 15 214
18 16 347
18 17 207
18 19 274
18 20 340
18 21 327
18 22 104
18 23 487
18 24 275
18 25 260
18 26 463
18 27 296
18 28 618
18 29 181
18 30 549
18 31 499
18 32 506
18 33 378
18 34 374
18 35 444
18 36 430
18 37 344
18 38 598
18 39 451
18 40 203
18 41 214
18 42 385
18 43 284
18 44 278
18 45 484
18 46 623
18 47 413
18 48 183
18 49 302
18 50 364
18 51 365
19 0 449
19 1 407
19 2 405
19 3 405
19 4 482
19 5 586
19 6 398
19 7 204
19 8 263
19 9 342
19 10 234
19 11 222
19 12 436
19 13 616
19 14 225
19 15 227
19 16 146
19 17 232
19 18 274
19 20 327
19 21 314
19 22 314
19 23 307
19 24 549
19 25 273
19 26 476
19 27 570
19 28 344
19 29 194
19 30 275
19 31 512
19 32 232
19 33 365
19 34 648
19 35 431
19 36 156
19 37 365
19 38 324
19 39 177
19 40 295
19 41 190
19 42 486
19 43 374
19 44 291
19 45 403
19 46 349
19 47 426
19 48 200
19 49 544
19 50 377
19 51 495
20 0 776
20 1 734
20 2 732
20 3 732
20 4 809
20 5 490
20 6 474
20 7 248
20 8 418
20 9 325
20 10 561
20 11 105
20 12 131
20 13 520
20 14 102
20 15 554
20 16 181
20 17 136
20 18 340
20 19 327
20 21 96
20 22 236
20 23 309
20 24 453
20 25 600
20 26 803
20 27 474
20 28 620
20 29 521
20 30 371
20 31 839
20 32 328
20 33 160
20 34 552
20 35 128
20 36 402
20 37 269
20 38 451
20 39 408
20 40 543
20 41 517
20 42 725
20 43 278
20 44 618
20 45 730
20 46 445
20 47 753
20 48 523
20 49 448
20 50 704
20 51 399
21 0 763
21 1 721
21 2 719
21 3 719
21 4 796
21 5 586
21 6 461
21 7 235
21 8 405
21 9 342
21 10 548
21 11 93
21 12 122
21 13 616
21 14 89
21 15 541
21 16 168
21 17 232
21 18 327
21 19 314
21 20 96
21 22 314
21 23 213
21 24 549
21 25 587
21 26 790
21 27 570
21 28 607
21 29 508
21 30 275
21 31 826
21 32 232
21 33 256
21 34 648
21 35 224
21 36 389
21 37 365
21 38 438
21 39 395
21 40 530
21 41 504
21 42 712
21 43 374
21 44 605
21 45 717
21 46 349
21 47 740
21 48 510
21 49 544
21 50 691
21 51 495
22 0 540
22 1 518
22 2 496
22 3 496
22 4 573
22 5 272
22 6 238
22 7 110
22 8 182
22 9 89
22 10 344
22 11 221
22 12 349
22 13 302
22 14 287
22 15 318
22 16 387
22 17 103
22 18 104
22 19 314
22 20 236
22 21 314
22 23 527
22 24 235
22 25 364
22 26 567
22 27 256
22 28 658
22 29 285
22 30 589
22 31 603
22 32 546
22 33 274
22 34 334
22 35 340
22 36 470
22 37 240
22 38 638
22 39 491
22 40 307
22 41 281
22 42 489
22 43 180
22 44 382
22 45 524
22 46 663
22 47 517
22 48 287
22 49 230
22 50 468
22 51 261
23 0 756
23 1 714
23 2 712
23 3 712
23 4 789
23 5 799
23 6 611
23 7 417
23 8 476
23 9 555
23 10 541
23 11 306
23 12 178
23 13 829
23 14 240
23 15 534
23 16 161
23 17 445
23 18 487
23 19 307
23 20 309
23 21 213
23 22 527
23 24 762
23 25 580
23 26 783
23 27 783
23 28 600
23 29 501
23 30 91
23 31 819
23 32 177
23 33 469
23 34 861
23 35 437
23 36 382
23 37 578
23 38 431
23 39 388
23 40 523
23 41 497
23 42 705
23 43 587
23 44 598
23 45 710
23 46 264
23 47 733
23 48 503
23 49 757
23 50 684
23 51 708
24 0 692
24 1 753
24 2 671
24 3 648
24 4 725
24 5 37
24 6 390
24 7 345
24 8 334
24 9 241
24 10 579
24 11 456
24 12 584
24 13 118
24 14 522
24 15 470
24 16 622
24 17 317
24 18 275
24 19 549
24 20 453
24 21 549
24 22 235
24 23 762
24 25 516
24 26 719
24 27 211
24 28 893
24 29 437
24 30 824
24 31 755
24 32 781
24 33 293
24 34 255
24 35 325
24 36 705
24 37 184
24 38 873
24 39 726
24 40 459
24 41 489
24 42 641
24 43 175
24 44 534
24 45 759
24 46 898
24 47 669
24 48 439
24 49 46
24 50 620
24 51 109
25 0 310
25 1 397
25 2 315
25 3 132
25 4 209
25 5 533
25 6 205
25 7 352
25 8 182
25 9 275
25 10 223
25 11 495
25 12 709
25 13 634
25 14 498
25 15 106
25 16 419
25 17 467
25 18 260
25 19 273
25 20 600
25 21 587
25 22 364
25 23 580
25 24 516
25 26 314
25 27 377
25 28 537
25 29 79
25 30 489
25 31 304
25 32 425
25 33 638
25 34 455
25 35 704
25 36 349
25 37 604
25 38 517
25 39 370
25 40 102
25 41 133
25 42 293
25 43 544
25 44 18
25 45 403
25 46 542
25 47 153
25 48 77
25 49 562
25 50 104
25 51 625
26 0 27
26 1 83
26 2 71
26 3 241
26 4 394
26 5 736
26 6 519
26 7 555
26 8 385
26 9 478
26 10 242
26 11 698
26 12 912
26 13 837
26 14 701
26 15 249
26 16 622
26 17 670
26 18 463
26 19 476
26 20 803
26 21 790
26 22 567
26 23 783
26 24 719
26 25 314
26 27 691
26 28 223
26 29 282
26 30 692
26 31 618
26 32 606
26 33 841
26 34 769
26 35 907
26 36 401
26 37 807
26 38 352
26 39 395
26 40 416
26 41 286
26 42 607
26 43 747
26 44 303
26 45 89
26 46 519
26 47 425
26 48 321
26 49 765
26 50 282
26 51 828
27 0 687
27 1 774
27 2 692
27 3 450
27 4 514
27 5 228
27 6 179
27 7 366
27 8 307
27 9 228
27 10 600
27 11 477
27 12 605
27 13 329
27 14 543
27 15 483
27 16 643
27 17 338
27 18 296
27 19 570
27 20 474
27 21 570
27 22 256
27 23 783
27 24 211
27 25 377
27 26 691
27 28 914
27 29 452
27 30 845
27 31 544
27 32 802
27 33 333
27 34 78
27 35 399
27 36 726
27 37 299
27 38 894
27 39 747
27 40 275
27 41 510
27 42 430
27 43 239
27 44 388
27 45 780
27 46 919
27 47 458
27 48 370
27 49 257
27 50 409
27 51 320
28 0 227
28 1 140
28 2 222
28 3 464
28 4 617
28 5 930
28 6 742
28 7 548
28 8 607
28 9 686
28 10 314
28 11 515
28 12 729
28 13 960
28 14 518
28 15 431
28 16 439
28 17 576
28 18 618
28 19 344
28 20 620
28 21 607
28 22 658
28 23 600
28 24 893
28 25 537
28 26 223
28 27 914
28 29 462
28 30 509
28 31 841
28 32 423
28 33 658
28 34 992
28 35 724
28 36 218
28 37 709
28 38 169
28 39 212
28 40 639
28 41 404
28 42 830
28 43 718
28 44 526
28 45 134
28 46 336
28 47 648
28 48 544
28 49 888
28 50 505
28 51 839
29 0 255
29 1 322
29 2 240
29 3 211
29 4 288
29 5 468
29 6 280
29 7 273
29 8 145
29 9 224
29 10 148
29 11 416
29 12 630
29 13 555
29 14 419
29 15 33
29 16 340
29 17 388
29 18 181
29 19 194
29 20 521
29 21 508
29 22 285
29 23 501
29 24 437
29 25 79
29 26 282
29 27 452
29 28 462
29 30 410
29 31 379
29 32 350
29 33 559
29 34 530
29 35 625
29 36 274
29 37 525
29 38 442
29 39 295
29 40 177
29 41 58
29 42 368
29 43 465
29 44 97
29 45 328
29 46 467
29 47 232
29 48 82
29 49 483
29 50 183
29 51 546
30 0 665
30 1 623
30 2 621
30 3 621
30 4 698
30 5 861
30 6 673
30 7 479
30 8 538
30 9 617
30 10 450
30 11 368
30 12 240
30 13 891
30 14 302
30 15 443
30 16 202
30 17 507
30 18 549
30 19 275
30 20 371
30 21 275
30 22 589
30 23 91
30 24 824
30 25 489
30 26 692
30 27 845
30 28 509
30 29 410
30 31 772
30 32 86
30 33 531
30 34 923
30 35 499
30 36 291
30 37 640
30 38 340
30 39 297
30 40 570
30 41 406
30 42 761
30 43 649
30 44 507
30 45 619
30 46 173
30 47 642
30 48 475
30 49 819
30 50 593
30 51 770
31 0 614
31 1 701
31 2 619
31 3 377
31 4 224
31 5 772
31 6 365
31 7 591
31 8 421
31 9 514
31 10 527
31 11 734
31 12 948
31 13 873
31 14 737
31 15 410
31 16 658
31 17 706
31 18 499
31 19 512
31 20 839
31 21 826
31 22 603
31 23 819
31 24 755
31 25 304
31 26 618
31 27 544
31 28 841
31 29 379
31 30 772
31 32 729
31 33 877
31 34 500
31 35 943
31 36 653
31 37 843
31 38 821
31 39 674
31 40 296
31 41 437
31 42 114
31 43 783
31 44 315
31 45 707
31 46 846
31 47 193
31 48 316
31 49 801
31 50 336
31 51 864
32 0 579
32 1 537
32 2 535
32 3 535
32 4 612
32 5 818
32 6 630
32 7 436
32 8 495
32 9 574
32 10 364
32 11 325
32 12 306
32 13 848
32 14 259
32 15 357
32 16 159
32 17 464
32 18 506
32 19 232
32 20 328
32 21 232
32 22 546
32 23 177
32 24 781
32 25 425
32 26 606
32 27 802
32 28 423
32 29 350
32 30 86
32 31 729
32 33 488
32 34 880
32 35 456
32 36 205
32 37 597
32 38 254
32 39 211
32 40 527
32 41 320
32 42 718
32 43 606
32 44 421
32 45 533
32 46 117
32 47 556
32 48 432
32 49 776
32 50 507
32 51 727
33 0 814
33 1 772
33 2 770
33 3 770
33 4 847
33 5 330
33 6 512
33 7 286
33 8 456
33 9 363
33 10 599
33 11 163
33 12 291
33 13 360
33 14 229
33 15 592
33 16 329
33 17 171
33 18 378
33 19 365
33 20 160
33 21 256
33 22 274
33 23 469
33 24 293
33 25 638
33 26 841
33 27 333
33 28 658
33 29 559
33 30 531
33 31 877
33 32 488
33 34 392
33 35 66
33 36 440
33 37 109
33 38 580
33 39 446
33 40 581
33 41 555
33 42 763
33 43 118
33 44 656
33 45 768
33 46 605
33 47 791
33 48 561
33 49 288
33 50 742
33 51 239
34 0 765
34 1 852
34 2 770
34 3 528
34 4 470
34 5 272
34 6 250
34 7 444
34 8 385
34 9 306
34 10 678
34 11 555
34 12 683
34 13 373
34 14 621
34 15 561
34 16 721
34 17 416
34 18 374
34 19 648
34 20 552
34 21 648
34 22 334
34 23 861
34 24 255
34 25 455
34 26 769
34 27 78
34 28 992
34 29 530
34 30 923
34 31 500
34 32 880
34 33 392
34 35 443
34 36 804
34 37 343
34 38 972
34 39 825
34 40 353
34 41 588
34 42 386
34 43 283
34 44 466
34 45 858
34 46 997
34 47 414
34 48 448
34 49 301
34 50 487
34 51 364
35 0 880
35 1 838
35 2 836
35 3 836
35 4 913
35 5 362
35 6 578
35 7 352
35 8 522
35 9 429
35 10 665
35 11 209
35 12 259
35 13 392
35 14 206
35 15 658
35 16 297
35 17 237
35 18 444
35 19 431
35 20 128
35 21 224
35 22 340
35 23 437
35 24 325
35 25 704
35 26 907
35 27 399
35 28 724
35 29 625
35 30 499
35 31 943
35 32 456
35 33 66
35 34 443
35 36 506
35 37 141
35 38 555
35 39 512
35 40 647
35 41 621
35 42 829
35 43 160
35 44 722
35 45 834
35 46 573
35 47 857
35 48 627
35 49 320
35 50 808
35 51 271
36 0 374
36 1 332
36 2 330
36 3 330
36 4 429
36 5 742
36 6 554
36 7 360
36 8 419
36 9 498
36 10 159
36 11 297
36 12 511
36 13 772
36 14 300
36 15 243
36 16 221
36 17 388
36 18 430
36 19 156
36 20 402
36 21 389
36 22 470
36 23 382
36 24 705
36 25 349
36 26 401
36 27 726
36 28 218
36 29 274
36 30 291
36 31 653
36 32 205
36 33 440
36 34 804
36 35 506
36 37 521
36 38 168
36 39 21
36 40 451
36 41 216
36 42 642
36 43 530
36 44 338
36 45 328
36 46 193
36 47 460
36 48 356
36 49 700
36 50 317
36 51 651
37 0 780
37 1 738
37 2 736
37 3 736
37 4 813
37 5 221
37 6 478
37 7 252
37 8 422
37 9 329
37 10 565
37 11 272
37 12 400
37 13 251
37 14 338
37 15 558
37 16 438
37 17 137
37 18 344
37 19 365
37 20 269
37 21 365
37 22 240
37 23 578
37 24 184
37 25 604
37 26 807
37 27 299
37 28 709
37 29 525
37 30 640
37 31 843
37 32 597
37 33 109
37 34 343
37 35 141
37 36 521
37 38 689
37 39 542
37 40 547
37 41 521
37 42 729
37 43 60
37 44 622
37 45 734
37 46 714
37 47 757
37 48 527
37 49 179
37 50 708
37 51 130
38 0 325
38 1 283
38 2 281
38 3 444
38 4 597
38 5 910
38 6 722
38 7 528
38 8 587
38 9 666
38 10 294
38 11 417
38 12 560
38 13 940
38 14 351
38 15 411
38 16 270
38 17 556
38 18 598
38 19 324
38 20 451
38 21 438
38 22 638
38 23 431
38 24 873
38 25 517
38 26 352
38 27 894
38 28 169
38 29 442
38 30 340
38 31 821
38 32 254
38 33 580
38 34 972
38 35 555
38 36 168
38 37 689
38 39 147
38 40 619
38 41 384
38 42 810
38 43 698
38 44 506
38 45 279
38 46 167
38 47 628
38 48 524
38 49 868
38 50 485
38 51 819
39 0 368
39 1 326
39 2 324
39 3 324
39 4 450
39 5 763
39 6 575
39 7 381
39 8 440
39 9 519
39 10 153
39 11 303
39 12 517
39 13 793
39 14 306
39 15 264
39 16 227
39 17 409
39 18 451
39 19 177
39 20 408
39 21 395
39 22 491
39 23 388
39 24 726
39 25 370
39 26 395
39 27 747
39 28 212
39 29 295
39 30 297
39 31 674
39 32 211
39 33 446
39 34 825
39 35 512
39 36 21
39 37 542
39 38 147
39 40 472
39 41 237
39 42 663
39 43 551
39 44 359
39 45 322
39 46 172
39 47 481
39 48 377
39 49 721
39 50 338
39 51 672
40 0 412
40 1 499
40 2 417
40 3 189
40 4 266
40 5 476
40 6 103
40 7 295
40 8 125
40 9 218
40 10 325
40 11 438
40 12 652
40 13 577
40 14 441
40 15 208
40 16 368
40 17 410
40 18 203
40 19 295
40 20 543
40 21 530
40 22 307
40 23 523
40 24 459
40 25 102
40 26 416
40 27 275
40 28 639
40 29 177
40 30 570
40 31 296
40 32 527
40 33 581
40 34 353
40 35 647
40 36 451
40 37 547
40 38 619
40 39 472
40 41 235
40 42 191
40 43 487
40 44 113
40 45 505
40 46 644
40 47 210
40 48 95
40 49 505
40 50 161
40 51 568
41 0 259
41 1 264
41 2 215
41 3 215
41 4 292
41 5 526
41 6 338
41 7 269
41 8 203
41 9 282
41 10 90
41 11 412
41 12 626
41 13 556
41 14 415
41 15 37
41 16 336
41 17 384
41 18 214
41 19 190
41 20 517
41 21 504
41 22 281
41 23 497
41 24 489
41 25 133
41 26 286
41 27 510
41 28 404
41 29 58
41 30 406
41 31 437
41 32 320
41 33 555
41 34 588
41 35 621
41 36 216
41 37 521
41 38 384
41 39 237
41 40 235
41 42 426
41 43 461
41 44 122
41 45 270
41 46 409
41 47 244
41 48 140
41 49 484
41 50 187
41 51 542
42 0 603
42 1 690
42 2 608
42 3 366
42 4 213
42 5 658
42 6 251
42 7 477
42 8 307
42 9 400
42 10 516
42 11 620
42 12 834
42 13 759
42 14 623
42 15 399
42 16 559
42 17 592
42 18 385
42 19 486
42 20 725
42 21 712
42 22 489
42 23 705
42 24 641
42 25 293
42 26 607
42 27 430
42 28 830
42 29 368
42 30 761
42 31 114
42 32 718
42 33 763
42 34 386
42 35 829
42 36 642
42 37 729
42 38 810
42 39 663
42 40 191
42 41 426
42 43 669
42 44 304
42 45 696
42 46 835
42 47 182
42 48 286
42 49 687
42 50 325
42 51 750
43 0 720
43 1 678
43 2 676
43 3 676
43 4 753
43 5 212
43 6 418
43 7 192
43 8 362
43 9 269
43 10 505
43 11 281
43 12 409
43 13 242
43 14 347
43 15 498
43 16 447
43 17 142
43 18 284
43 19 374
43 20 278
43 21 374
43 22 180
43 23 587
43 24 175
43 25 544
43 26 747
43 27 239
43 28 718
43 29 465
43 30 649
43 31 783
43 32 606
43 33 118
43 34 283
43 35 160
43 36 530
43 37 60
43 38 698
43 39 551
43 40 487
43 41 461
43 42 669
43 44 562
43 45 674
43 46 723
43 47 697
43 48 467
43 49 170
43 50 648
43 51 121
44 0 299
44 1 386
44 2 304
44 3 114
44 4 191
44 5 551
44 6 216
44 7 370
44 8 200
44 9 293
44 10 212
44 11 513
44 12 727
44 13 652
44 14 516
44 15 95
44 16 437
44 17 485
44 18 278
44 19 291
44 20 618
44 21 605
44 22 382
44 23 598
44 24 534
44 25 18
44 26 303
44 27 388
44 28 526
44 29 97
44 30 507
44 31 315
44 32 421
44 33 656
44 34 466
44 35 722
44 36 338
44 37 622
44 38 506
44 39 359
44 40 113
44 41 122
44 42 304
44 43 562
44 45 392
44 46 531
44 47 135
44 48 95
44 49 580
44 50 86
44 51 643
45 0 93
45 1 6
45 2 88
45 3 330
45 4 483
45 5 796
45 6 608
45 7 482
45 8 473
45 9 552
45 10 180
45 11 625
45 12 839
45 13 826
45 14 628
45 15 297
45 16 549
45 17 597
45 18 484
45 19 403
45 20 730
45 21 717
45 22 524
45 23 710
45 24 759
45 25 403
45 26 89
45 27 780
45 28 134
45 29 328
45 30 619
45 31 707
45 32 533
45 33 768
45 34 858
45 35 834
45 36 328
45 37 734
45 38 279
45 39 322
45 40 505
45 41 270
45 42 696
45 43 674
45 44 392
45 46 446
45 47 514
45 48 410
45 49 754
45 50 371
45 51 755
46 0 492
46 1 450
46 2 448
46 3 469
46 4 622
46 5 935
46 6 747
46 7 553
46 8 612
46 9 691
46 10 319
46 11 442
46 12 393
46 13 965
46 14 376
46 15 436
46 16 276
46 17 581
46 18 623
46 19 349
46 20 445
46 21 349
46 22 663
46 23 264
46 24 898
46 25 542
46 26 519
46 27 919
46 28 336
46 29 467
46 30 173
46 31 846
46 32 117
46 33 605
46 34 997
46 35 573
46 36 193
46 37 714
46 38 167
46 39 172
46 40 644
46 41 409
46 42 835
46 43 723
46 44 531
46 45 446
46 47 653
46 48 549
46 49 893
46 50 510
46 51 844
47 0 421
47 1 508
47 2 426
47 3 184
47 4 56
47 5 686
47 6 279
47 7 505
47 8 335
47 9 428
47 10 334
47 11 648
47 12 862
47 13 787
47 14 651
47 15 217
47 16 572
47 17 620
47 18 413
47 19 426
47 20 753
47 21 740
47 22 517
47 23 733
47 24 669
47 25 153
47 26 425
47 27 458
47 28 648
47 29 232
47 30 642
47 31 193
47 32 556
47 33 791
47 34 414
47 35 857
47 36 460
47 37 757
47 38 628
47 39 481
47 40 210
47 41 244
47 42 182
47 43 697
47 44 135
47 45 514
47 46 653
47 48 230
47 49 715
47 50 143
47 51 778
48 0 317
48 1 404
48 2 322
48 3 209
48 4 286
48 5 456
48 6 198
48 7 275
48 8 105
48 9 198
48 10 230
48 11 418
48 12 632
48 13 557
48 14 421
48 15 113
48 16 342
48 17 390
48 18 183
48 19 200
48 20 523
48 21 510
48 22 287
48 23 503
48 24 439
48 25 77
48 26 321
48 27 370
48 28 544
48 29 82
48 30 475
48 31 316
48 32 432
48 33 561
48 34 448
48 35 627
48 36 356
48 37 527
48 38 524
48 39 377
48 40 95
48 41 140
48 42 286
48 43 467
48 44 95
48 45 410
48 46 549
48 47 230
48 49 485
48 50 181
48 51 548
49 0 738
49 1 748
49 2 694
49 3 694
49 4 771
49 5 42
49 6 436
49 7 340
49 8 380
49 9 287
49 10 574
49 11 451
49 12 579
49 13 72
49 14 517
49 15 516
49 16 617
49 17 312
49 18 302
49 19 544
49 20 448
49 21 544
49 22 230
49 23 757
49 24 46
49 25 562
49 26 765
49 27 257
49 28 888
49 29 483
49 30 819
49 31 801
49 32 776
49 33 288
49 34 301
49 35 320
49 36 700
49 37 179
49 38 868
49 39 721
49 40 505
49 41 484
49 42 687
49 43 170
49 44 580
49 45 754
49 46 893
49 47 715
49 48 485
49 50 666
49 51 63
50 0 278
50 1 365
50 2 283
50 3 41
50 4 112
50 5 637
50 6 237
50 7 456
50 8 286
50 9 379
50 10 191
50 11 599
50 12 813
50 13 738
50 14 602
50 15 150
50 16 523
50 17 571
50 18 364
50 19 377
50 20 704
50 21 691
50 22 468
50 23 684
50 24 620
50 25 104
50 26 282
50 27 409
50 28 505
50 29 183
50 30 593
50 31 336
50 32 507
50 33 742
50 34 487
50 35 808
50 36 317
50 37 708
50 38 485
50 39 338
50 40 161
50 41 187
50 42 325
50 43 648
50 44 86
50 45 371
50 46 510
50 47 143
50 48 181
50 49 666
50 51 729
51 0 801
51 1 759
51 2 757
51 3 757
51 4 834
51 5 92
51 6 499
51 7 291
51 8 443
51 9 350
51 10 586
51 11 402
51 12 530
51 13 121
51 14 468
51 15 579
51 16 568
51 17 263
51 18 365
51 19 495
51 20 399
51 21 495
51 22 261
51 23 708
51 24 109
51 25 625
51 26 828
51 27 320
51 28 839
51 29 546
51 30 770
51 31 864
51 32 727
51 33 239
51 34 364
51 35 271
51 36 651
51 37 130
51 38 819
51 39 672
51 40 568
51 41 542
51 42 750
51 43 121
51 44 643
51 45 755
51 46 844
51 47 778
51 48 548
51 49 63
51 50 729
