nnodes narcs type
14 182 digraph
nodename posx posy
0 40 156
13 134 200
1 14 812
7 498 592
2 64 856
8 391 674
3 838 520
9 418 288
4 343 128
10 378 772
5 647 471
11 489 230
6 62 138
12 40 27
tail head weight
0 1 656
0 2 700
0 3 798
0 4 303
0 5 607
0 6 22
0 7 458
0 8 518
0 9 378
0 10 616
0 11 449
0 12 129
0 13 94
1 0 656
1 2 50
1 3 824
1 4 684
1 5 633
1 6 674
1 7 484
1 8 377
1 9 524
1 10 364
1 11 582
1 12 785
1 13 612
2 0 700
2 1 50
2 3 774
2 4 728
2 5 583
2 6 718
2 7 434
2 8 327
2 9 568
2 10 314
2 11 626
2 12 829
2 13 656
3 0 798
3 1 824
3 2 774
3 4 495
3 5 191
3 6 776
3 7 340
3 8 447
3 9 420
3 10 460
3 11 349
3 12 798
3 13 704
4 0 303
4 1 684
4 2 728
4 3 495
4 5 343
4 6 281
4 7 464
4 8 546
4 9 160
4 10 644
4 11 146
4 12 303
4 13 209
5 0 607
5 1 633
5 2 583
5 3 191
5 4 343
5 6 585
5 7 149
5 8 256
5 9 229
5 10 301
5 11 241
5 12 607
5 13 513
6 0 22
6 1 674
6 2 718
6 3 776
6 4 281
6 5 585
6 7 454
6 8 536
6 9 356
6 10 634
6 11 427
6 12 111
6 13 72
7 0 458
7 1 484
7 2 434
7 3 340
7 4 464
7 5 149
7 6 454
7 8 107
7 9 304
7 10 180
7 11 362
7 12 565
7 13 392
8 0 518
8 1 377
8 2 327
8 3 447
8 4 546
8 5 256
8 6 536
8 7 107
8 9 386
8 10 98
8 11 444
8 12 647
8 13 474
9 0 378
9 1 524
9 2 568
9 3 420
9 4 160
9 5 229
9 6 356
9 7 304
9 8 386
9 10 484
9 11 71
9 12 378
9 13 284
10 0 616
10 1 364
10 2 314
10 3 460
10 4 644
10 5 301
10 6 634
10 7 180
10 8 98
10 9 484
10 11 542
10 12 745
10 13 572
11 0 449
11 1 582
11 2 626
11 3 349
11 4 146
11 5 241
11 6 427
11 7 362
11 8 444
11 9 71
11 10 542
11 12 449
11 13 355
12 0 129
12 1 785
12 2 829
12 3 798
12 4 303
12 5 607
12 6 111
12 7 565
12 8 647
12 9 378
12 10 745
12 11 449
12 13 173
13 0 94
13 1 612
13 2 656
13 3 704
13 4 209
13 5 513
13 6 72
13 7 392
13 8 474
13 9 284
13 10 572
13 11 355
13 12 173
